日期,股票代码,开盘,收盘,最高,最低,成交量,成交额,振幅,涨跌幅,涨跌额,换手率
2011-04-28,2576,12.93,12.51,13.92,12.4,79832,145201367.2,10.97,-9.68,-1.34,31.18
2011-04-29,2576,11.55,12.02,12.16,11.55,40645,66543950.37,4.88,-3.92,-0.49,15.88
2011-05-03,2576,11.88,12.1,12.28,11.74,21022,34877461.84,4.49,0.67,0.08,8.21
2011-05-04,2576,12.04,11.85,12.2,11.81,16280,26932707.2,3.22,-2.07,-0.25,6.36
2011-05-05,2576,11.8,11.84,11.98,11.75,9774,16065399.47,1.94,-0.08,-0.01,3.82
2011-05-06,2576,11.81,12.08,12.28,11.78,15573,26020503.74,4.22,2.03,0.24,6.08
2011-05-09,2576,12.08,12.42,12.5,12.08,15172,25797695.66,3.48,2.81,0.34,5.93
2011-05-10,2576,12.28,12.52,12.62,12.16,17233,29453457.64,3.7,0.81,0.1,6.73
2011-05-11,2576,12.45,12.53,12.54,12.33,9942,17053703.14,1.68,0.08,0.01,3.88
2011-05-12,2576,12.43,13.28,13.68,12.42,36958,66906767.7,10.06,5.99,0.75,14.44
2011-05-13,2576,13.31,13.92,14.2,13.3,50297,94576172.62,6.78,4.82,0.64,19.65
2011-05-16,2576,14.07,13.76,14.07,13.63,35101,66627409.43,3.16,-1.15,-0.16,13.71
2011-05-17,2576,13.64,13.99,14.38,13.31,48001,90926781.23,7.78,1.67,0.23,18.75
2011-05-18,2576,14.12,14.03,14.12,13.76,43792,83951283.69,2.57,0.29,0.04,17.11
2011-05-19,2576,14.22,14.34,14.69,14.16,57362,112937212.87,3.78,2.21,0.31,22.41
2011-05-20,2576,14.4,13.7,14.58,13.7,34225,65797258.03,6.14,-4.46,-0.64,13.37
2011-05-23,2576,13.74,13.68,13.91,13.44,26401,49771063.54,3.43,-0.15,-0.02,10.31
2011-05-24,2576,13.91,13.24,13.91,12.36,20176,36846044.95,11.33,-3.22,-0.44,7.88
2011-05-25,2576,13.24,12.93,13.27,12.73,14821,26445244.76,4.08,-2.34,-0.31,5.79
2011-05-26,2576,12.98,12.93,13.18,12.63,12100,21475256.46,4.25,0.0,0.0,4.73
2011-05-27,2576,12.95,13.31,13.38,12.81,20753,37408453.17,4.41,2.94,0.38,8.11
2011-05-30,2576,13.39,13.88,14.19,13.28,42519,80185752.87,6.84,4.28,0.57,16.61
2011-05-31,2576,13.98,14.01,14.27,13.74,46299,88969227.17,3.82,0.94,0.13,18.09
2011-06-01,2576,14.16,14.38,14.49,13.7,60760,118332558.67,5.64,2.64,0.37,23.73
2011-06-02,2576,14.24,14.22,14.45,13.78,36219,69582805.55,4.66,-1.11,-0.16,14.15
2011-06-03,2576,14.23,14.38,14.51,14.07,47431,92774335.44,3.09,1.13,0.16,18.53
2011-06-07,2576,14.48,14.24,14.83,14.16,51819,102516017.5,4.66,-0.97,-0.14,20.24
2011-06-08,2576,14.17,14.26,14.59,14.09,42101,82633983.89,3.51,0.14,0.02,16.45
2011-06-09,2576,14.3,12.78,14.3,12.76,46518,84966947.34,10.8,-10.38,-1.48,18.17
2011-06-10,2576,12.71,12.56,12.71,12.19,23553,40190003.68,4.07,-1.72,-0.22,9.2
2011-06-13,2576,12.35,12.48,12.64,12.19,11893,20397843.18,3.58,-0.64,-0.08,4.65
2011-06-14,2576,12.76,13.48,13.61,12.64,40497,73543066.63,7.77,8.01,1.0,15.82
2011-06-15,2576,13.47,13.31,13.75,13.16,21129,38914722.25,4.38,-1.26,-0.17,8.25
2011-06-16,2576,13.2,12.91,13.35,12.88,10052,17954168.36,3.53,-3.01,-0.4,3.93
2011-06-17,2576,13.16,13.18,13.61,13.15,33637,61825255.05,3.56,2.09,0.27,13.14
2011-06-20,2576,13.24,13.24,13.38,13.09,15493,28193980.55,2.2,0.46,0.06,6.05
2011-06-21,2576,13.35,13.7,13.78,13.2,31802,59091556.9,4.38,3.47,0.46,12.42
2011-06-22,2576,13.54,13.3,13.81,13.28,20468,37899875.69,3.87,-2.92,-0.4,8.0
2011-06-23,2576,13.39,13.3,13.39,12.62,27958,50185774.33,5.79,0.0,0.0,10.92
2011-06-27,2576,13.61,13.54,13.74,13.29,29759,55090163.28,3.38,1.8,0.24,11.62
2011-06-28,2576,13.54,13.74,13.84,13.44,24778,46604956.01,2.95,1.48,0.2,9.68
2011-06-29,2576,13.72,12.99,13.76,12.98,27259,49838702.09,5.68,-5.46,-0.75,10.65
2011-06-30,2576,13.01,13.06,13.18,12.93,13731,24712827.0,1.92,0.54,0.07,5.36
2011-07-01,2576,13.1,13.15,13.31,12.95,11573,20972370.84,2.76,0.69,0.09,4.52
2011-07-04,2576,13.18,13.54,13.54,13.18,17461,32168657.3,2.74,2.97,0.39,6.82
2011-07-05,2576,13.54,13.44,13.59,13.37,15201,28077022.11,1.62,-0.74,-0.1,5.94
2011-07-06,2576,13.41,13.97,14.01,13.41,35371,66928327.65,4.46,3.94,0.53,13.82
2011-07-07,2576,13.93,14.01,14.39,13.78,48762,94034015.63,4.37,0.29,0.04,19.05
2011-07-08,2576,13.88,14.18,14.3,13.87,28031,54126739.5,3.07,1.21,0.17,10.95
2011-07-11,2576,14.05,14.02,14.31,13.95,24331,46924690.54,2.54,-1.13,-0.16,9.5
2011-07-12,2576,13.85,13.38,13.85,13.36,26325,49076869.42,3.5,-4.56,-0.64,10.28
2011-07-13,2576,13.38,13.63,13.73,13.38,15925,29601737.5,2.62,1.87,0.25,6.22
2011-07-14,2576,13.63,14.02,14.04,13.56,28403,53825168.55,3.52,2.86,0.39,11.1
2011-07-15,2576,13.95,14.58,14.58,13.93,45723,89900637.64,4.64,3.99,0.56,17.86
2011-07-18,2576,14.81,14.99,15.53,14.66,83045,171575109.54,5.97,2.81,0.41,32.44
2011-07-19,2576,14.71,15.22,15.35,14.7,47250,97406747.9,4.34,1.53,0.23,18.46
2011-07-20,2576,15.18,14.76,15.74,14.44,47216,97350855.95,8.54,-3.02,-0.46,18.44
2011-07-21,2576,14.78,14.41,14.91,14.38,23163,46008454.53,3.59,-2.37,-0.35,9.05
2011-07-22,2576,14.54,14.61,14.73,14.31,18372,36525530.46,2.91,1.39,0.2,7.18
2011-07-25,2576,14.54,13.54,14.54,13.47,25690,49173361.6,7.32,-7.32,-1.07,10.04
2011-07-26,2576,13.54,13.53,13.85,13.31,17422,32317037.5,3.99,-0.07,-0.01,6.81
2011-07-27,2576,13.53,14.0,14.19,13.08,27171,51392803.89,8.2,3.47,0.47,10.61
2011-07-28,2576,13.78,13.99,14.31,13.71,25973,49959150.83,4.29,-0.07,-0.01,8.12
2011-07-29,2576,13.99,13.68,14.2,13.63,17863,34101672.9,4.07,-2.22,-0.31,5.58
2011-08-01,2576,13.68,14.04,14.16,13.51,27214,52221808.37,4.75,2.63,0.36,8.5
2011-08-02,2576,13.78,13.42,14.01,13.08,41521,76037075.13,6.62,-4.42,-0.62,12.98
2011-08-03,2576,13.3,13.47,13.66,13.16,24380,45074852.49,3.73,0.37,0.05,7.62
2011-08-04,2576,13.54,13.51,13.73,13.44,14225,26489142.31,2.15,0.3,0.04,4.45
2011-08-05,2576,12.79,13.08,13.29,12.78,17979,32349642.75,3.77,-3.18,-0.43,5.62
2011-08-08,2576,13.01,12.58,13.04,12.01,24251,42044248.71,7.87,-3.82,-0.5,7.58
2011-08-09,2576,12.0,12.45,12.58,11.85,16793,28608825.2,5.8,-1.03,-0.13,5.25
2011-08-10,2576,12.7,12.54,12.8,12.51,14468,25278695.36,2.33,0.72,0.09,4.52
2011-08-11,2576,12.24,12.73,12.76,12.21,12646,21891854.97,4.39,1.52,0.19,3.95
2011-08-12,2576,12.84,12.81,12.99,12.74,11083,19657658.0,1.96,0.63,0.08,3.46
2011-08-15,2576,12.81,13.08,13.16,12.81,10901,19546189.0,2.73,2.11,0.27,3.41
2011-08-16,2576,13.19,12.88,13.19,12.82,9951,17741385.0,2.83,-1.53,-0.2,3.11
2011-08-17,2576,12.84,12.85,12.96,12.71,9431,16709591.0,1.94,-0.23,-0.03,2.95
2011-08-18,2576,12.78,12.59,12.85,12.57,11061,19367435.0,2.18,-2.02,-0.26,3.46
2011-08-19,2576,12.31,12.42,12.49,12.24,13663,23292090.0,1.99,-1.35,-0.17,4.27
2011-08-22,2576,12.45,12.45,12.61,12.39,6718,11579213.0,1.77,0.24,0.03,2.1
2011-08-23,2576,12.45,12.89,12.9,12.45,16101,28363274.0,3.61,3.53,0.44,5.03
2011-08-25,2576,12.93,13.21,13.37,12.91,34200,61871761.0,3.57,2.48,0.32,10.69
2011-08-26,2576,13.13,13.15,13.24,12.99,16821,30371283.0,1.89,-0.45,-0.06,5.26
2011-08-29,2576,13.09,13.06,13.2,13.01,12307,22207768.0,1.44,-0.68,-0.09,3.85
2011-08-30,2576,13.08,12.77,13.31,12.67,16830,30195485.0,4.9,-2.22,-0.29,5.26
2011-08-31,2576,12.64,12.62,12.81,12.45,9659,16817887.0,2.82,-1.17,-0.15,3.02
2011-09-01,2576,12.7,12.68,12.76,12.56,9129,15931419.0,1.58,0.48,0.06,2.85
2011-09-02,2576,12.62,12.54,12.69,12.37,8120,13974293.0,2.52,-1.1,-0.14,2.54
2011-09-05,2576,12.33,12.39,12.48,12.28,6050,10325184.0,1.59,-1.2,-0.15,1.89
2011-09-06,2576,12.31,12.41,12.49,12.21,4546,7777982.0,2.26,0.16,0.02,1.42
2011-09-07,2576,12.54,12.7,12.74,12.46,5821,10118955.0,2.26,2.34,0.29,1.82
2011-09-08,2576,12.73,12.48,12.81,12.39,6381,11062566.0,3.31,-1.73,-0.22,1.99
2011-09-09,2576,12.47,12.36,12.54,12.34,3207,5501206.0,1.6,-0.96,-0.12,1.0
2011-09-13,2576,12.25,12.28,12.31,12.01,4781,8030930.0,2.43,-0.65,-0.08,1.49
2011-09-14,2576,12.38,12.38,12.38,12.11,4149,7024705.0,2.2,0.81,0.1,1.3
2011-09-15,2576,12.44,12.38,12.56,12.38,4889,8412512.0,1.45,0.0,0.0,1.53
2011-09-16,2576,12.44,12.38,12.52,12.34,4783,8207715.0,1.45,0.0,0.0,1.49
2011-09-19,2576,12.35,12.09,12.35,12.07,5935,9964954.0,2.26,-2.34,-0.29,1.85
2011-09-20,2576,12.09,12.14,12.24,12.05,2517,4222492.0,1.57,0.41,0.05,0.79
2011-09-21,2576,12.21,12.51,12.52,12.1,6154,10513201.0,3.46,3.05,0.37,1.92
2011-09-22,2576,12.39,12.08,12.43,12.08,6158,10425614.0,2.8,-3.44,-0.43,1.92
2011-09-23,2576,11.91,11.94,12.06,11.81,5864,9654361.0,2.07,-1.16,-0.14,1.83
2011-09-26,2576,11.93,11.78,11.97,11.74,3450,5650295.0,1.93,-1.34,-0.16,1.08
2011-09-27,2576,11.84,11.85,11.91,11.74,3357,5491474.0,1.44,0.59,0.07,1.05
2011-09-28,2576,11.89,11.67,11.97,11.64,3693,6040557.0,2.78,-1.52,-0.18,1.15
2011-09-29,2576,11.61,11.18,11.61,11.18,5895,9272623.0,3.68,-4.2,-0.49,1.84
2011-09-30,2576,11.21,11.08,11.35,11.01,3033,4682544.0,3.04,-0.89,-0.1,0.95
2011-10-10,2576,11.08,11.03,11.21,11.01,1693,2603106.0,1.81,-0.45,-0.05,0.53
2011-10-11,2576,11.2,10.88,11.39,10.72,3143,4853679.0,6.07,-1.36,-0.15,0.98
2011-10-12,2576,10.92,11.3,11.35,10.68,6365,9836780.0,6.16,3.86,0.42,1.99
2011-10-13,2576,11.28,11.57,11.62,11.18,7092,11293875.0,3.89,2.39,0.27,2.22
2011-10-14,2576,11.47,11.54,11.61,11.33,4567,7261732.0,2.42,-0.26,-0.03,1.43
2011-10-17,2576,11.67,11.78,11.78,11.48,5664,9163576.0,2.6,2.08,0.24,1.77
2011-10-18,2576,11.71,11.45,11.71,11.44,7734,12368148.0,2.29,-2.8,-0.33,2.42
2011-10-19,2576,11.54,11.54,11.6,11.36,2918,4646167.0,2.1,0.79,0.09,0.91
2011-10-20,2576,11.43,11.18,11.51,11.15,3671,5748353.0,3.12,-3.12,-0.36,1.15
2011-10-21,2576,11.13,11.12,11.34,11.08,2134,3325054.0,2.33,-0.54,-0.06,0.67
2011-10-24,2576,11.12,11.48,11.51,11.03,3973,6206052.0,4.32,3.24,0.36,1.24
2011-10-25,2576,11.46,11.83,11.94,11.38,22149,36102097.0,4.88,3.05,0.35,6.92
2011-10-26,2576,11.75,11.74,11.9,11.56,8502,13885963.0,2.87,-0.76,-0.09,2.66
2011-10-27,2576,11.84,11.83,11.91,11.71,7418,12104768.0,1.7,0.77,0.09,2.32
2011-10-28,2576,11.91,11.9,11.97,11.78,10847,17795007.0,1.61,0.59,0.07,3.39
2011-10-31,2576,11.97,12.13,12.16,11.78,13214,21895811.0,3.19,1.93,0.23,4.13
2011-11-01,2576,11.97,12.05,12.23,11.9,15552,26025145.0,2.72,-0.66,-0.08,4.86
2011-11-02,2576,11.85,12.15,12.22,11.74,14600,24290683.0,3.98,0.83,0.1,4.56
2011-11-03,2576,12.23,11.93,12.3,11.93,23918,40209316.0,3.05,-1.81,-0.22,7.47
2011-11-04,2576,12.05,11.96,12.16,11.87,10713,17755598.0,2.43,0.25,0.03,3.35
2011-11-07,2576,11.98,11.94,12.19,11.89,9043,15027225.0,2.51,-0.17,-0.02,2.83
2011-11-08,2576,11.97,12.01,12.29,11.92,19225,32185071.0,3.1,0.59,0.07,6.01
2011-11-09,2576,12.12,12.09,12.13,11.82,9832,16317021.0,2.58,0.67,0.08,3.07
2011-11-10,2576,11.99,12.04,12.28,11.89,13283,22174651.0,3.23,-0.41,-0.05,4.15
2011-11-11,2576,12.14,12.35,12.46,12.01,31439,53360923.0,3.74,2.57,0.31,9.82
2011-11-14,2576,12.44,12.51,12.56,12.28,26157,44912029.0,2.27,1.3,0.16,8.17
2011-11-15,2576,12.52,12.51,12.54,12.34,13401,23017543.0,1.6,0.0,0.0,4.19
2011-11-16,2576,12.48,11.98,12.48,11.94,17473,29394719.0,4.32,-4.24,-0.53,5.46
2011-11-17,2576,11.94,11.88,12.09,11.83,10271,16994954.0,2.17,-0.83,-0.1,3.21
2011-11-18,2576,11.78,11.45,11.91,11.39,8584,13834959.0,4.38,-3.62,-0.43,2.68
2011-11-21,2576,11.48,11.56,11.58,11.36,4428,7021566.0,1.92,0.96,0.11,1.38
2011-11-22,2576,11.41,11.52,11.53,11.31,4084,6480891.0,1.9,-0.35,-0.04,1.28
2011-11-23,2576,11.51,11.48,11.6,11.44,3551,5669652.0,1.39,-0.35,-0.04,1.11
2011-11-24,2576,11.46,11.41,11.51,11.22,6251,9864014.0,2.53,-0.61,-0.07,1.95
2011-11-25,2576,11.41,11.3,11.5,11.3,3613,5703186.0,1.75,-0.96,-0.11,1.13
2011-11-28,2576,11.24,11.31,11.42,11.22,3346,5245054.0,1.77,0.09,0.01,1.05
2011-11-29,2576,11.44,11.66,11.76,11.31,7195,11458654.0,3.98,3.09,0.35,2.25
2011-11-30,2576,11.59,11.04,11.61,10.81,7589,11758816.0,6.86,-5.32,-0.62,2.37
2011-12-01,2576,11.32,11.83,12.01,11.22,17338,27776954.0,7.16,7.16,0.79,5.42
2011-12-02,2576,11.62,11.84,11.89,11.51,23132,37386939.0,3.21,0.08,0.01,7.23
2011-12-05,2576,11.77,11.11,11.77,11.11,13396,21327713.0,5.57,-6.17,-0.73,4.19
2011-12-06,2576,10.98,11.53,11.54,10.53,14423,22044791.0,9.09,3.78,0.42,4.51
2011-12-07,2576,11.31,11.81,11.89,11.22,30418,49177167.0,5.81,2.43,0.28,9.51
2011-12-08,2576,11.66,11.51,11.78,11.21,14220,22728167.0,4.83,-2.54,-0.3,4.44
2011-12-09,2576,11.39,11.16,11.5,11.09,9065,14124174.0,3.56,-3.04,-0.35,2.83
2011-12-12,2576,11.16,10.81,11.23,10.8,6354,9671590.0,3.85,-3.14,-0.35,1.99
2011-12-13,2576,10.78,10.34,10.78,10.25,7915,11498950.0,4.9,-4.35,-0.47,2.47
2011-12-14,2576,10.4,10.19,10.47,10.18,4532,6514782.0,2.8,-1.45,-0.15,1.42
2011-12-15,2576,10.14,9.78,10.14,9.78,6475,9019530.0,3.53,-4.02,-0.41,2.02
2011-12-16,2576,9.85,10.11,10.11,9.78,6162,8559969.0,3.37,3.37,0.33,1.93
2011-12-19,2576,10.0,10.04,10.11,9.68,6667,9221263.0,4.25,-0.69,-0.07,2.08
2011-12-20,2576,9.93,9.91,10.14,9.85,5553,7800955.0,2.89,-1.29,-0.13,1.74
2011-12-21,2576,10.02,9.54,10.08,9.54,4957,6859903.0,5.45,-3.73,-0.37,1.55
2011-12-22,2576,9.44,9.3,9.47,8.99,5503,7138798.0,5.03,-2.52,-0.24,1.72
2011-12-23,2576,9.2,9.34,9.51,9.2,3210,4234300.0,3.33,0.43,0.04,1.0
2011-12-26,2576,9.32,9.24,9.45,9.24,2363,3096901.0,2.25,-1.07,-0.1,0.74
2011-12-27,2576,9.2,8.87,9.22,8.87,4620,5879999.0,3.79,-4.0,-0.37,1.44
2011-12-28,2576,8.85,8.72,8.88,8.57,2904,3581576.0,3.49,-1.69,-0.15,0.91
2011-12-29,2576,8.7,8.73,8.88,8.7,2541,3154047.0,2.06,0.11,0.01,0.79
2011-12-30,2576,8.73,8.9,8.98,8.73,2295,2881046.0,2.86,1.95,0.17,0.72
2012-01-04,2576,8.99,8.71,9.08,8.71,2764,3466524.0,4.16,-2.13,-0.19,0.86
2012-01-05,2576,8.57,8.24,8.74,8.16,5107,6076560.0,6.66,-5.4,-0.47,1.6
2012-01-06,2576,8.06,8.3,8.33,8.01,2990,3461535.0,3.88,0.73,0.06,0.93
2012-01-09,2576,8.22,8.65,8.66,8.11,5452,6586699.0,6.63,4.22,0.35,1.7
2012-01-10,2576,8.65,8.94,9.04,8.62,8309,10412775.0,4.86,3.35,0.29,2.6
2012-01-11,2576,8.87,8.91,9.07,8.85,4945,6241486.0,2.46,-0.34,-0.03,1.55
2012-01-12,2576,8.85,8.88,9.01,8.84,3953,4968493.0,1.91,-0.34,-0.03,1.24
2012-01-13,2576,8.88,8.41,8.91,8.37,6148,7454079.0,6.08,-5.29,-0.47,1.92
2012-01-16,2576,8.24,8.08,8.41,8.08,2679,3144112.0,3.92,-3.92,-0.33,0.84
2012-01-17,2576,8.1,8.59,8.61,8.08,3516,4200211.0,6.56,6.31,0.51,1.1
2012-01-18,2576,8.59,8.4,8.81,8.35,4928,6020482.0,5.36,-2.21,-0.19,1.54
2012-01-19,2576,8.4,8.61,8.68,8.39,3798,4608939.0,3.45,2.5,0.21,1.19
2012-01-20,2576,8.63,8.74,8.78,8.63,4192,5168495.0,1.74,1.51,0.13,1.31
2012-01-30,2576,8.81,8.61,8.81,8.58,2817,3458644.0,2.63,-1.49,-0.13,0.88
2012-01-31,2576,8.62,8.6,8.62,8.51,2366,2869979.0,1.28,-0.12,-0.01,0.74
2012-02-01,2576,8.62,8.62,8.71,8.53,2615,3195594.0,2.09,0.23,0.02,0.82
2012-02-02,2576,8.7,8.73,8.74,8.59,3310,4055167.0,1.74,1.28,0.11,1.03
2012-02-03,2576,8.72,8.91,8.93,8.67,6823,8510862.0,2.98,2.06,0.18,2.13
2012-02-06,2576,8.93,8.98,8.99,8.87,7974,10050260.0,1.35,0.79,0.07,2.49
2012-02-07,2576,8.93,8.78,8.98,8.73,5857,7286843.0,2.78,-2.23,-0.2,1.83
2012-02-08,2576,8.79,9.02,9.05,8.76,6831,8596771.0,3.3,2.73,0.24,2.13
2012-02-09,2576,9.04,9.05,9.18,9.02,9073,11653955.0,1.77,0.33,0.03,2.84
2012-02-10,2576,9.08,9.23,9.23,9.03,8374,10785161.0,2.21,1.99,0.18,2.62
2012-02-13,2576,9.15,9.54,9.57,9.08,14186,18816797.0,5.31,3.36,0.31,4.43
2012-02-14,2576,9.56,9.66,9.76,9.4,13440,18022254.0,3.77,1.26,0.12,4.2
2012-02-15,2576,9.66,9.99,10.04,9.61,22725,31319723.0,4.45,3.42,0.33,7.1
2012-02-16,2576,10.09,10.13,10.41,9.93,23316,33073986.0,4.8,1.4,0.14,7.29
2012-02-17,2576,10.11,10.16,10.27,9.91,15014,21183188.0,3.55,0.3,0.03,4.69
2012-02-20,2576,10.26,10.06,10.28,10.01,12297,17328701.0,2.66,-0.98,-0.1,3.84
2012-02-21,2576,10.08,10.07,10.16,9.82,11394,15974584.0,3.38,0.1,0.01,3.56
2012-02-22,2576,10.02,10.22,10.28,10.01,14380,20415393.0,2.68,1.49,0.15,4.49
2012-02-23,2576,10.21,10.24,10.38,10.16,11936,17076336.0,2.15,0.2,0.02,3.73
2012-02-24,2576,10.24,10.23,10.24,10.14,11620,16561744.0,0.98,-0.1,-0.01,3.63
2012-02-27,2576,10.0,10.11,10.22,9.94,29226,41202163.0,2.74,-1.17,-0.12,9.13
2012-02-28,2576,9.94,9.99,10.23,9.94,17455,24599214.0,2.87,-1.19,-0.12,5.45
2012-02-29,2576,9.98,9.7,9.99,9.69,10226,14097735.0,3.0,-2.9,-0.29,3.2
2012-03-01,2576,9.68,10.08,10.08,9.68,11999,16732415.0,4.12,3.92,0.38,3.75
2012-03-02,2576,10.08,10.42,10.43,10.08,21576,31008879.0,3.47,3.37,0.34,6.74
2012-03-05,2576,10.42,10.58,10.66,10.28,19287,28261334.0,3.65,1.54,0.16,6.03
2012-03-06,2576,10.54,10.32,10.67,10.28,19371,28256706.0,3.69,-2.46,-0.26,6.05
2012-03-07,2576,10.07,10.14,10.34,10.05,9183,13054837.0,2.81,-1.74,-0.18,2.87
2012-03-08,2576,10.14,10.28,10.58,10.14,6361,9187029.0,4.34,1.38,0.14,1.99
2012-03-09,2576,10.39,10.62,10.84,10.32,27054,40110031.0,5.06,3.31,0.34,8.45
2012-03-12,2576,10.62,11.03,11.25,10.61,28688,43873560.0,6.03,3.86,0.41,8.97
2012-03-13,2576,11.07,11.09,11.21,10.98,22364,34532470.0,2.09,0.54,0.06,6.99
2012-03-14,2576,11.09,10.54,11.21,10.43,21628,32723012.0,7.03,-4.96,-0.55,6.76
2012-03-15,2576,10.54,10.78,10.9,10.47,14859,22108638.0,4.08,2.28,0.24,4.64
2012-03-16,2576,10.78,11.06,11.11,10.67,13802,20850961.0,4.08,2.6,0.28,4.31
2012-03-19,2576,10.98,11.41,11.46,10.98,15979,25088875.0,4.34,3.16,0.35,4.99
2012-03-20,2576,11.31,11.36,11.59,11.2,15637,24649876.0,3.42,-0.44,-0.05,4.89
2012-03-21,2576,11.33,11.3,11.52,11.01,10095,15719816.0,4.49,-0.53,-0.06,3.15
2012-03-22,2576,11.3,11.58,11.75,11.17,24748,39540828.0,5.13,2.48,0.28,7.73
2012-03-23,2576,11.53,10.93,11.53,10.78,25260,38834475.0,6.48,-5.61,-0.65,7.89
2012-03-26,2576,10.91,10.02,10.96,9.99,46302,67229756.0,8.87,-8.33,-0.91,14.47
2012-03-27,2576,9.89,10.03,10.06,9.69,28476,39324471.0,3.69,0.1,0.01,8.9
2012-03-28,2576,9.87,9.34,9.88,9.28,14271,19169303.0,5.98,-6.88,-0.69,4.46
2012-03-29,2576,9.31,9.14,9.34,9.05,8419,10900393.0,3.1,-2.14,-0.2,2.63
2012-03-30,2576,9.13,9.14,9.21,8.98,7386,9462893.0,2.52,0.0,0.0,2.31
2012-04-05,2576,9.14,9.34,9.41,9.0,11588,15091591.0,4.49,2.19,0.2,3.62
2012-04-06,2576,9.38,9.3,9.43,9.25,9374,12317650.0,1.93,-0.43,-0.04,2.93
2012-04-09,2576,9.3,9.1,9.3,9.07,6211,8008185.0,2.47,-2.15,-0.2,1.94
2012-04-10,2576,9.1,9.13,9.16,8.87,6795,8664096.0,3.19,0.33,0.03,2.12
2012-04-11,2576,9.08,9.08,9.21,9.01,9798,12573181.0,2.19,-0.55,-0.05,3.06
2012-04-12,2576,9.13,9.31,9.35,9.08,14507,18933755.0,2.97,2.53,0.23,4.53
2012-04-13,2576,9.41,9.43,9.46,9.31,10647,14058128.0,1.61,1.29,0.12,3.33
2012-04-16,2576,9.41,9.38,9.44,9.26,6595,8664302.0,1.91,-0.53,-0.05,2.06
2012-04-17,2576,9.39,9.36,9.44,9.28,8002,10535039.0,1.71,-0.21,-0.02,2.5
2012-04-19,2576,9.48,9.51,9.7,9.46,12583,16869300.0,2.56,1.6,0.15,3.93
2012-04-20,2576,9.53,9.55,9.68,9.48,9790,13154654.0,2.1,0.42,0.04,3.06
2012-04-23,2576,9.24,8.76,9.34,8.76,23908,30316312.0,6.07,-8.27,-0.79,7.47
2012-04-24,2576,8.71,8.51,8.71,8.24,9921,11955399.0,5.37,-2.85,-0.25,3.1
2012-04-25,2576,8.53,8.64,8.64,8.47,4869,5900542.0,2.0,1.53,0.13,1.52
2012-04-26,2576,8.65,8.41,8.65,8.35,9027,10842554.0,3.47,-2.66,-0.23,2.82
2012-04-27,2576,8.39,8.36,8.43,8.31,5704,6780891.0,1.43,-0.59,-0.05,1.78
2012-05-02,2576,8.48,8.55,8.58,8.33,16050,19157765.0,2.99,2.27,0.19,2.35
2012-05-03,2576,8.54,8.57,8.6,8.47,9881,11939455.0,1.52,0.23,0.02,1.45
2012-05-04,2576,8.56,8.7,8.77,8.52,15467,18994891.0,2.92,1.52,0.13,2.26
2012-05-07,2576,8.67,8.81,8.84,8.62,16488,20330222.0,2.53,1.26,0.11,2.41
2012-05-08,2576,8.8,8.89,8.97,8.8,21144,26521383.0,1.93,0.91,0.08,3.09
2012-05-09,2576,8.85,8.64,8.85,8.61,15143,18699776.0,2.7,-2.81,-0.25,2.22
2012-05-10,2576,8.62,8.63,8.77,8.54,12350,15086659.0,2.66,-0.12,-0.01,1.81
2012-05-11,2576,8.58,8.5,8.62,8.46,13921,16832640.0,1.85,-1.51,-0.13,2.04
2012-05-14,2576,8.58,8.39,8.59,8.39,13514,16262626.0,2.35,-1.29,-0.11,1.98
2012-05-15,2576,8.32,8.04,8.32,7.93,19789,17022207.0,4.65,-4.17,-0.35,2.23
2012-05-16,2576,8.04,7.94,8.07,7.89,7935,6790722.0,2.24,-1.24,-0.1,0.89
2012-05-17,2576,7.94,8.07,8.1,7.94,9748,8385659.0,2.02,1.64,0.13,1.1
2012-05-18,2576,8.02,8.07,8.19,7.95,14949,12876385.0,2.97,0.0,0.0,1.68
2012-05-21,2576,8.05,7.99,8.12,7.94,8888,7607086.0,2.23,-0.99,-0.08,1.0
2012-05-22,2576,8.05,8.07,8.09,7.99,6994,6013477.0,1.25,1.0,0.08,0.79
2012-05-23,2576,8.04,7.96,8.09,7.91,8971,7677706.0,2.23,-1.36,-0.11,1.01
2012-05-24,2576,7.95,7.92,8.03,7.89,5692,4841212.0,1.76,-0.5,-0.04,0.64
2012-05-25,2576,7.95,7.74,7.96,7.73,10388,8683886.0,2.9,-2.27,-0.18,1.17
2012-05-28,2576,7.74,7.79,7.8,7.52,9163,7528590.0,3.62,0.65,0.05,1.03
2012-05-29,2576,7.76,7.93,7.95,7.75,11757,9929412.0,2.57,1.8,0.14,1.32
2012-05-30,2576,7.92,8.04,8.23,7.89,12389,10684616.0,4.29,1.39,0.11,1.39
2012-05-31,2576,8.0,8.05,8.11,7.92,7797,6710614.0,2.36,0.12,0.01,0.88
2012-06-01,2576,8.04,8.0,8.12,7.98,6873,5916324.0,1.74,-0.62,-0.05,0.77
2012-06-04,2576,7.85,7.66,7.85,7.61,11617,9614950.0,3.0,-4.25,-0.34,1.31
2012-06-05,2576,7.65,8.05,8.2,7.57,37734,32274497.0,8.22,5.09,0.39,4.25
2012-06-06,2576,8.19,7.86,8.19,7.76,27626,23474653.0,5.34,-2.36,-0.19,3.11
2012-06-07,2576,7.86,7.67,7.91,7.64,13407,11122055.0,3.44,-2.42,-0.19,1.51
2012-06-08,2576,7.7,7.51,7.74,7.51,12151,9932310.0,3.0,-2.09,-0.16,1.37
2012-06-11,2576,7.56,7.62,7.67,7.45,10019,8136022.0,2.93,1.46,0.11,1.13
2012-06-12,2576,7.59,7.59,7.59,7.48,7607,6161099.0,1.44,-0.39,-0.03,0.86
2012-06-13,2576,7.56,7.7,7.76,7.55,10058,8303845.0,2.77,1.45,0.11,1.13
2012-06-14,2576,7.65,7.64,7.78,7.62,7805,6446473.0,2.08,-0.78,-0.06,0.88
2012-06-15,2576,7.68,7.76,7.82,7.64,10696,8837510.0,2.36,1.57,0.12,1.2
2012-06-18,2576,7.77,7.82,7.87,7.76,10422,8728052.0,1.42,0.77,0.06,1.17
2012-06-19,2576,7.74,7.74,7.81,7.69,7283,6035222.0,1.53,-1.02,-0.08,0.82
2012-06-20,2576,7.74,7.86,7.87,7.71,12003,10064527.0,2.07,1.55,0.12,1.35
2012-06-21,2576,7.9,7.69,7.9,7.63,6851,5672674.0,3.44,-2.16,-0.17,0.77
2012-06-25,2576,7.67,7.43,7.67,7.4,7673,6194242.0,3.51,-3.38,-0.26,0.86
2012-06-26,2576,7.37,7.42,7.45,7.24,5537,4381479.0,2.83,-0.13,-0.01,0.62
2012-06-27,2576,7.38,7.34,7.48,7.34,4944,3944665.0,1.89,-1.08,-0.08,0.56
2012-06-28,2576,7.39,7.24,7.44,7.2,4386,3459814.0,3.27,-1.36,-0.1,0.49
2012-06-29,2576,7.22,7.36,7.39,7.17,5563,4370175.0,3.04,1.66,0.12,0.63
2012-07-02,2576,7.38,7.38,7.44,7.36,4137,3292528.0,1.09,0.27,0.02,0.47
2012-07-03,2576,7.38,7.43,7.5,7.35,6941,5558383.0,2.03,0.68,0.05,0.78
2012-07-04,2576,7.42,7.46,7.51,7.37,7153,5718532.0,1.88,0.4,0.03,0.81
2012-07-05,2576,7.4,7.17,7.49,7.17,5160,4029725.0,4.29,-3.89,-0.29,0.58
2012-07-06,2576,7.26,7.08,7.26,6.88,12430,9407751.0,5.3,-1.26,-0.09,1.4
2012-07-09,2576,7.02,6.63,7.04,6.63,9389,6945886.0,5.79,-6.36,-0.45,1.06
2012-07-10,2576,6.46,6.35,6.63,6.33,14384,10036447.0,4.52,-4.22,-0.28,1.62
2012-07-11,2576,6.35,6.43,6.48,6.34,4796,3345915.0,2.2,1.26,0.08,0.54
2012-07-12,2576,6.43,6.46,6.5,6.29,5733,3997377.0,3.27,0.47,0.03,0.65
2012-07-13,2576,6.44,6.27,6.44,6.25,10430,7181581.0,2.94,-2.94,-0.19,1.17
2012-07-16,2576,6.24,5.81,6.26,5.79,11636,7588620.0,7.5,-7.34,-0.46,1.31
2012-07-17,2576,5.87,5.91,5.96,5.78,8128,5235937.0,3.1,1.72,0.1,0.92
2012-07-18,2576,5.86,5.99,5.99,5.81,6813,4393057.0,3.05,1.35,0.08,0.77
2012-07-19,2576,5.95,6.1,6.2,5.93,12627,8424830.0,4.51,1.84,0.11,1.42
2012-07-20,2576,6.12,6.12,6.21,6.05,6312,4215496.0,2.62,0.33,0.02,0.71
2012-07-23,2576,6.09,6.07,6.14,5.99,3956,2619047.0,2.45,-0.82,-0.05,0.45
2012-07-24,2576,5.99,6.16,6.19,5.99,5934,3971341.0,3.29,1.48,0.09,0.67
2012-07-25,2576,6.13,6.13,6.25,6.02,13133,8819126.0,3.73,-0.49,-0.03,1.48
2012-07-26,2576,6.13,6.07,6.24,6.06,7730,5200255.0,2.94,-0.98,-0.06,0.87
2012-07-27,2576,6.05,6.08,6.17,6.04,4426,2937326.0,2.14,0.16,0.01,0.5
2012-07-30,2576,6.1,5.86,6.13,5.85,6234,4087484.0,4.61,-3.62,-0.22,0.7
2012-07-31,2576,5.82,5.79,5.87,5.73,5603,3552329.0,2.39,-1.19,-0.07,0.63
2012-08-01,2576,5.84,5.96,6.06,5.79,7749,5048401.0,4.66,2.94,0.17,0.87
2012-08-02,2576,5.99,5.92,6.03,5.87,4048,2629231.0,2.68,-0.67,-0.04,0.46
2012-08-03,2576,5.91,6.07,6.12,5.91,6341,4181777.0,3.55,2.53,0.15,0.71
2012-08-06,2576,6.06,6.26,6.26,5.97,17202,11603744.0,4.78,3.13,0.19,1.94
2012-08-07,2576,6.26,6.28,6.31,6.2,13358,9105555.0,1.76,0.32,0.02,1.5
2012-08-08,2576,6.25,6.35,6.35,6.22,17534,12015387.0,2.07,1.11,0.07,1.97
2012-08-09,2576,6.34,6.45,6.48,6.28,13975,9720402.0,3.15,1.57,0.1,1.57
2012-08-10,2576,6.46,6.46,6.49,6.37,8391,5868549.0,1.86,0.16,0.01,0.94
2012-08-13,2576,6.47,6.26,6.47,6.24,11978,8252078.0,3.56,-3.1,-0.2,1.35
2012-08-14,2576,6.26,6.37,6.38,6.14,11757,8037912.0,3.83,1.76,0.11,1.32
2012-08-15,2576,6.36,6.46,6.61,6.3,19661,13778078.0,4.87,1.41,0.09,2.21
2012-08-16,2576,6.44,6.45,6.49,6.35,7913,5516361.0,2.17,-0.15,-0.01,0.89
2012-08-17,2576,6.38,6.43,6.51,6.33,7553,5279441.0,2.79,-0.31,-0.02,0.85
2012-08-20,2576,6.35,6.52,6.53,6.26,11127,7763674.0,4.2,1.4,0.09,1.25
2012-08-21,2576,6.72,6.94,7.23,6.63,104361,79543467.0,9.2,6.44,0.42,11.75
2012-08-22,2576,6.94,6.79,6.94,6.64,60624,44255831.0,4.32,-2.16,-0.15,6.83
2012-08-23,2576,6.74,6.71,6.75,6.57,29543,21394398.0,2.65,-1.18,-0.08,3.33
2012-08-24,2576,6.66,6.51,6.74,6.49,17648,12688783.0,3.73,-2.98,-0.2,1.99
2012-08-27,2576,6.5,6.05,6.5,6.05,22622,15209192.0,6.91,-7.07,-0.46,2.55
2012-08-28,2576,6.05,6.14,6.18,5.97,11697,7787527.0,3.47,1.49,0.09,1.32
2012-08-29,2576,6.1,6.13,6.22,6.1,11365,7648864.0,1.95,-0.16,-0.01,1.28
2012-08-30,2576,6.13,5.94,6.13,5.81,18946,12433652.0,5.22,-3.1,-0.19,2.13
2012-08-31,2576,5.94,5.94,6.02,5.84,6327,4110862.0,3.03,0.0,0.0,0.71
2012-09-03,2576,5.93,6.1,6.14,5.92,9076,6008253.0,3.7,2.69,0.16,1.02
2012-09-04,2576,6.11,6.13,6.2,6.1,11817,7918102.0,1.64,0.49,0.03,1.33
2012-09-05,2576,6.12,6.2,6.24,6.05,8952,6033918.0,3.1,1.14,0.07,1.01
2012-09-06,2576,6.22,6.32,6.33,6.19,13349,9127153.0,2.26,1.94,0.12,1.5
2012-09-07,2576,6.4,6.52,6.63,6.35,26133,18524344.0,4.43,3.16,0.2,2.94
2012-09-10,2576,6.49,6.59,6.69,6.49,19500,13920021.0,3.07,1.07,0.07,2.2
2012-09-11,2576,6.59,6.54,6.61,6.46,15307,10824160.0,2.28,-0.76,-0.05,1.72
2012-09-12,2576,6.59,6.65,6.67,6.49,16819,12023233.0,2.75,1.68,0.11,1.89
2012-09-13,2576,6.66,6.53,6.69,6.52,12035,8644061.0,2.56,-1.8,-0.12,1.36
2012-09-14,2576,6.58,6.56,6.66,6.46,17197,12248399.0,3.06,0.46,0.03,1.94
2012-09-17,2576,6.56,6.24,6.59,6.2,13743,9524956.0,5.95,-4.88,-0.32,1.55
2012-09-18,2576,6.23,6.24,6.31,6.17,5987,4073928.0,2.24,0.0,0.0,0.67
2012-09-19,2576,6.24,6.31,6.32,6.22,5010,3425241.0,1.6,1.12,0.07,0.56
2012-09-20,2576,6.3,6.01,6.3,5.97,11386,7582235.0,5.23,-4.75,-0.3,1.28
2012-09-21,2576,5.98,5.98,6.09,5.97,5341,3521704.0,2.0,-0.5,-0.03,0.6
2012-09-24,2576,5.96,6.08,6.11,5.9,3749,2456230.0,3.51,1.67,0.1,0.42
2012-09-25,2576,6.04,5.98,6.09,5.9,7668,5032905.0,3.13,-1.64,-0.1,0.86
2012-09-26,2576,5.98,5.77,6.06,5.75,10573,6870099.0,5.18,-3.51,-0.21,1.19
2012-09-27,2576,5.81,5.96,6.0,5.75,9735,6281354.0,4.33,3.29,0.19,1.1
2012-09-28,2576,5.96,6.06,6.09,5.91,7123,4693042.0,3.02,1.68,0.1,0.8
2012-10-08,2576,6.05,6.07,6.12,5.99,7131,4709707.0,2.15,0.17,0.01,0.8
2012-10-09,2576,6.0,6.29,6.38,6.0,15574,10578873.0,6.26,3.62,0.22,1.75
2012-10-10,2576,6.24,6.65,6.81,6.24,53138,37717485.0,9.06,5.72,0.36,5.98
2012-10-11,2576,6.56,6.39,6.82,6.34,68428,48678376.0,7.22,-3.91,-0.26,7.7
2012-10-12,2576,6.38,6.31,6.4,6.18,52455,35844053.0,3.44,-1.25,-0.08,5.91
2012-10-15,2576,6.28,6.18,6.29,6.12,14690,9913260.0,2.69,-2.06,-0.13,1.65
2012-10-16,2576,6.15,6.18,6.32,6.15,14590,9901680.0,2.75,0.0,0.0,1.64
2012-10-17,2576,6.19,6.24,6.26,6.06,14293,9630206.0,3.24,0.97,0.06,1.61
2012-10-18,2576,6.25,6.46,6.53,6.22,27450,18973732.0,4.97,3.53,0.22,3.09
2012-10-19,2576,6.69,6.29,6.69,6.27,63914,44479363.0,6.5,-2.63,-0.17,7.2
2012-10-22,2576,6.2,6.24,6.27,6.04,25164,16897626.0,3.66,-0.79,-0.05,2.83
2012-10-23,2576,6.17,6.17,6.25,6.16,12113,8185519.0,1.44,-1.12,-0.07,1.36
2012-10-24,2576,6.09,6.15,6.21,6.09,13542,9085043.0,1.94,-0.32,-0.02,1.52
2012-10-25,2576,6.12,6.13,6.19,6.09,16417,11013674.0,1.63,-0.33,-0.02,1.85
2012-10-26,2576,6.14,5.94,6.16,5.91,14377,9434141.0,4.08,-3.1,-0.19,1.62
2012-10-29,2576,5.94,5.93,5.97,5.89,6340,4117497.0,1.35,-0.17,-0.01,0.71
2012-10-30,2576,5.95,5.92,6.02,5.89,6694,4352221.0,2.19,-0.17,-0.01,0.75
2012-10-31,2576,5.94,5.97,5.97,5.91,5273,3428610.0,1.01,0.84,0.05,0.59
2012-11-01,2576,5.97,6.09,6.11,5.96,11169,7394722.0,2.51,2.01,0.12,1.26
2012-11-02,2576,6.1,6.04,6.11,5.96,30097,19772200.0,2.46,-0.82,-0.05,3.39
2012-11-05,2576,6.04,6.01,6.04,5.94,11315,7409500.0,1.66,-0.5,-0.03,1.27
2012-11-06,2576,5.99,5.95,6.01,5.89,14188,9202856.0,2.0,-1.0,-0.06,1.6
2012-11-07,2576,5.96,6.1,6.16,5.94,26773,17729354.0,3.7,2.52,0.15,3.01
2012-11-08,2576,6.07,5.85,6.07,5.85,15624,10171272.0,3.61,-4.1,-0.25,1.76
2012-11-09,2576,5.85,5.83,5.88,5.75,7472,4772483.0,2.22,-0.34,-0.02,0.84
2012-11-12,2576,5.83,5.85,5.89,5.81,7527,4833471.0,1.37,0.34,0.02,0.85
2012-11-13,2576,5.84,5.7,5.87,5.68,9663,6117317.0,3.25,-2.56,-0.15,1.09
2012-11-14,2576,5.74,5.65,5.74,5.56,9444,5841418.0,3.16,-0.88,-0.05,1.06
2012-11-15,2576,5.61,5.59,5.67,5.57,5715,3532759.0,1.77,-1.06,-0.06,0.64
2012-11-16,2576,5.54,5.59,5.59,5.53,6271,3833625.0,1.07,0.0,0.0,0.71
2012-11-19,2576,5.59,5.63,5.65,5.52,7142,4388605.0,2.33,0.72,0.04,0.8
2012-11-20,2576,5.66,5.59,5.67,5.59,3219,1989422.0,1.42,-0.71,-0.04,0.36
2012-11-21,2576,5.63,5.64,5.66,5.54,6393,3941964.0,2.15,0.89,0.05,0.72
2012-11-22,2576,5.63,5.61,5.68,5.57,5462,3380436.0,1.95,-0.53,-0.03,0.62
2012-11-23,2576,5.61,5.7,5.94,5.61,22402,14028206.0,5.88,1.6,0.09,2.52
2012-11-26,2576,5.69,5.53,5.69,5.53,10974,6740841.0,2.81,-2.98,-0.17,1.24
2012-11-27,2576,5.52,5.31,5.64,5.25,16562,9848227.0,7.05,-3.98,-0.22,1.86
2012-11-28,2576,5.29,5.13,5.4,5.1,9564,5501068.0,5.65,-3.39,-0.18,1.08
2012-11-29,2576,5.08,5.06,5.19,5.04,8878,5043636.0,2.92,-1.36,-0.07,1.0
2012-11-30,2576,5.09,5.12,5.14,5.04,7701,4354080.0,1.98,1.19,0.06,0.87
2012-12-03,2576,5.07,5.09,5.29,5.07,18555,10710335.0,4.3,-0.59,-0.03,2.09
2012-12-04,2576,5.02,5.2,5.27,4.84,25245,14166989.0,8.45,2.16,0.11,2.84
2012-12-05,2576,5.09,5.33,5.4,5.09,38527,22433056.0,5.96,2.5,0.13,4.34
2012-12-06,2576,5.28,5.24,5.33,5.21,16915,9841082.0,2.25,-1.69,-0.09,1.9
2012-12-07,2576,5.25,5.36,5.37,5.23,21376,12552217.0,2.67,2.29,0.12,2.41
2012-12-10,2576,5.36,5.47,5.49,5.32,16948,10119175.0,3.17,2.05,0.11,1.91
2012-12-11,2576,5.44,5.37,5.46,5.36,14117,8419480.0,1.83,-1.83,-0.1,1.59
2012-12-12,2576,5.35,5.37,5.4,5.28,11066,6521389.0,2.23,0.0,0.0,1.25
2012-12-13,2576,5.33,5.26,5.38,5.26,9806,5762371.0,2.23,-2.05,-0.11,1.1
2012-12-14,2576,5.26,5.51,5.53,5.24,27862,16716698.0,5.51,4.75,0.25,3.14
2012-12-17,2576,5.51,5.53,5.56,5.48,18258,11095662.0,1.45,0.36,0.02,2.06
2012-12-18,2576,5.54,5.55,5.61,5.49,15134,9239700.0,2.17,0.36,0.02,1.7
2012-12-19,2576,5.54,5.54,5.58,5.49,18245,11098559.0,1.62,-0.18,-0.01,2.05
2012-12-20,2576,5.52,5.5,5.54,5.42,21530,12997042.0,2.17,-0.72,-0.04,2.42
2012-12-21,2576,5.51,5.53,5.59,5.46,24276,14762395.0,2.36,0.55,0.03,2.73
2012-12-24,2576,5.52,5.58,5.62,5.52,13652,8378735.0,1.81,0.9,0.05,1.54
2012-12-25,2576,5.59,5.69,5.74,5.56,22321,13902897.0,3.23,1.97,0.11,2.51
2012-12-26,2576,5.67,5.84,5.86,5.67,29164,18463705.0,3.34,2.64,0.15,3.28
2012-12-27,2576,5.84,5.74,5.89,5.74,31916,20316213.0,2.57,-1.71,-0.1,3.59
2012-12-28,2576,5.68,5.83,5.94,5.65,21757,13822769.0,5.05,1.57,0.09,2.45
2012-12-31,2576,5.88,5.86,6.1,5.82,25658,16568009.0,4.8,0.51,0.03,2.89
2013-01-04,2576,5.89,5.85,5.97,5.75,19706,12618351.0,3.75,-0.17,-0.01,2.22
2013-01-07,2576,5.85,5.92,5.92,5.77,14868,9547981.0,2.56,1.2,0.07,1.67
2013-01-08,2576,5.9,6.01,6.14,5.85,33671,22102419.0,4.9,1.52,0.09,3.79
2013-01-09,2576,6.03,6.04,6.12,5.93,26152,17229993.0,3.16,0.5,0.03,2.94
2013-01-10,2576,6.08,6.12,6.18,6.03,30345,20247492.0,2.48,1.32,0.08,3.42
2013-01-11,2576,6.12,5.99,6.37,5.95,68358,46281208.0,6.86,-2.12,-0.13,7.7
2013-01-14,2576,5.94,6.16,6.21,5.87,40658,26928737.0,5.68,2.84,0.17,4.58
2013-01-15,2576,6.16,6.31,6.35,6.16,49541,33777140.0,3.08,2.44,0.15,5.58
2013-01-16,2576,6.26,6.51,6.52,6.12,70529,48509371.0,6.34,3.17,0.2,7.94
2013-01-17,2576,6.44,6.3,6.46,6.27,38708,26789827.0,2.92,-3.23,-0.21,4.36
2013-01-18,2576,6.3,6.37,6.38,6.22,27473,18907744.0,2.54,1.11,0.07,3.09
2013-01-21,2576,6.32,6.4,6.42,6.32,21891,15195271.0,1.57,0.47,0.03,2.46
2013-01-22,2576,6.4,6.22,6.4,6.17,21512,14726549.0,3.59,-2.81,-0.18,2.42
2013-01-23,2576,6.2,6.18,6.26,6.05,18776,12576754.0,3.38,-0.64,-0.04,2.11
2013-01-24,2576,6.16,5.88,6.26,5.88,31472,20892189.0,6.15,-4.85,-0.3,3.54
2013-01-25,2576,5.88,5.94,5.99,5.88,16147,10458639.0,1.87,1.02,0.06,1.82
2013-01-28,2576,5.91,6.07,6.1,5.91,14633,9641695.0,3.2,2.19,0.13,1.65
2013-01-29,2576,6.08,6.15,6.18,6.05,17200,11497452.0,2.14,1.32,0.08,1.94
2013-01-30,2576,6.19,6.14,6.19,6.04,13298,8880468.0,2.44,-0.16,-0.01,1.5
2013-01-31,2576,6.14,6.13,6.18,6.07,12927,8622509.0,1.79,-0.16,-0.01,1.46
2013-02-01,2576,6.1,6.27,6.31,6.07,30084,20460931.0,3.92,2.28,0.14,3.39
2013-02-04,2576,6.24,6.22,6.28,6.17,19005,12894649.0,1.75,-0.8,-0.05,2.14
2013-02-05,2576,6.22,6.23,6.26,6.12,15273,10318948.0,2.25,0.16,0.01,1.72
2013-02-06,2576,6.23,6.26,6.29,6.21,16205,11034951.0,1.28,0.48,0.03,1.82
2013-02-07,2576,6.28,6.26,6.29,6.15,16880,11470209.0,2.24,0.0,0.0,1.9
2013-02-08,2576,6.26,6.38,6.4,6.26,25726,17798996.0,2.24,1.92,0.12,2.9
2013-02-18,2576,6.38,6.4,6.47,6.37,26437,18444058.0,1.57,0.31,0.02,2.98
2013-02-19,2576,6.4,6.3,6.46,6.28,20314,14063229.0,2.81,-1.56,-0.1,2.29
2013-02-20,2576,6.29,6.44,6.49,6.29,22777,15827339.0,3.17,2.22,0.14,2.56
2013-02-21,2576,6.42,6.27,6.42,6.2,28930,19912616.0,3.42,-2.64,-0.17,3.26
2013-02-22,2576,6.24,6.29,6.37,6.24,18950,13032436.0,2.07,0.32,0.02,2.13
2013-02-25,2576,6.27,6.34,6.39,6.27,14580,10036777.0,1.91,0.79,0.05,1.64
2013-02-26,2576,6.32,6.25,6.39,6.24,18177,12537497.0,2.37,-1.42,-0.09,2.05
2013-02-27,2576,6.23,6.32,6.34,6.04,32289,21679216.0,4.8,1.12,0.07,3.64
2013-02-28,2576,6.34,6.56,6.57,6.26,61576,43168138.0,4.91,3.8,0.24,6.93
2013-03-01,2576,6.4,6.58,6.63,6.4,37559,26628809.0,3.51,0.3,0.02,4.23
2013-03-04,2576,6.53,6.34,6.53,6.19,35417,24508458.0,5.17,-3.65,-0.24,3.99
2013-03-05,2576,6.27,6.37,6.4,6.27,20249,13983408.0,2.05,0.47,0.03,2.28
2013-03-06,2576,6.45,6.57,6.57,6.44,37078,26242382.0,2.04,3.14,0.2,4.17
2013-03-07,2576,6.51,6.67,6.71,6.45,47679,34019452.0,3.96,1.52,0.1,5.37
2013-03-08,2576,6.63,6.54,6.74,6.51,29738,21383296.0,3.45,-1.95,-0.13,3.35
2013-03-11,2576,6.51,6.62,6.66,6.44,26391,18828070.0,3.36,1.22,0.08,2.97
2013-03-12,2576,6.64,6.32,6.66,6.22,30932,21598317.0,6.65,-4.53,-0.3,3.48
2013-03-13,2576,6.24,6.18,6.31,6.1,14997,10129850.0,3.32,-2.22,-0.14,1.69
2013-03-14,2576,6.2,6.21,6.24,6.15,9394,6356323.0,1.46,0.49,0.03,1.06
2013-03-15,2576,6.2,6.24,6.3,6.13,19283,13084145.0,2.74,0.48,0.03,2.17
2013-03-18,2576,6.18,6.06,6.24,5.98,15809,10528536.0,4.17,-2.88,-0.18,1.78
2013-03-19,2576,6.01,5.99,6.11,5.86,16798,10935992.0,4.13,-1.16,-0.07,1.89
2013-03-20,2576,5.99,6.12,6.16,5.95,18529,12302432.0,3.51,2.17,0.13,2.09
2013-03-21,2576,6.14,6.32,6.36,6.11,27728,18924352.0,4.08,3.27,0.2,3.12
2013-03-22,2576,6.39,6.3,6.39,6.26,18540,12748484.0,2.06,-0.32,-0.02,2.09
2013-03-25,2576,6.29,6.31,6.33,6.25,11313,7751051.0,1.27,0.16,0.01,1.27
2013-03-26,2576,6.3,6.38,6.39,6.13,15741,10694154.0,4.12,1.11,0.07,1.77
2013-03-27,2576,6.4,6.35,6.41,6.26,16558,11429077.0,2.35,-0.47,-0.03,1.86
2013-03-28,2576,6.32,6.07,6.32,6.06,13707,9171632.0,4.09,-4.41,-0.28,1.54
2013-03-29,2576,5.97,5.98,6.06,5.89,14747,9636113.0,2.8,-1.48,-0.09,1.66
2013-04-01,2576,5.98,6.09,6.19,5.94,10843,7134124.0,4.18,1.84,0.11,1.22
2013-04-02,2576,6.09,5.9,6.14,5.89,13506,8872173.0,4.11,-3.12,-0.19,1.52
2013-04-03,2576,5.96,5.75,5.96,5.73,11746,7481281.0,3.9,-2.54,-0.15,1.32
2013-04-08,2576,5.69,5.77,5.77,5.56,9037,5633617.0,3.65,0.35,0.02,1.02
2013-04-09,2576,5.76,5.87,5.87,5.75,8299,5301051.0,2.08,1.73,0.1,0.93
2013-04-10,2576,5.93,5.89,5.94,5.8,8677,5585700.0,2.39,0.34,0.02,0.98
2013-04-11,2576,6.07,5.85,6.07,5.85,11794,7667712.0,3.74,-0.68,-0.04,1.33
2013-04-12,2576,5.77,5.71,5.85,5.71,5790,3666606.0,2.39,-2.39,-0.14,0.65
2013-04-15,2576,5.74,5.69,5.77,5.65,6522,4076985.0,2.1,-0.35,-0.02,0.73
2013-04-16,2576,5.66,5.71,5.71,5.55,10021,6195870.0,2.81,0.35,0.02,1.13
2013-04-17,2576,5.71,5.72,5.74,5.62,5546,3468367.0,2.1,0.18,0.01,0.62
2013-04-18,2576,5.77,5.72,5.77,5.69,9877,6210124.0,1.4,0.0,0.0,1.11
2013-04-19,2576,5.72,5.82,5.86,5.72,10663,6790465.0,2.45,1.75,0.1,1.2
2013-04-22,2576,5.78,5.87,5.91,5.73,12471,7996101.0,3.09,0.86,0.05,1.4
2013-04-23,2576,5.82,5.67,5.9,5.64,9618,6087586.0,4.43,-3.41,-0.2,1.08
2013-04-24,2576,5.67,5.92,5.92,5.67,10731,6842404.0,4.41,4.41,0.25,1.21
2013-04-25,2576,5.89,5.78,5.9,5.77,12685,8129957.0,2.2,-2.36,-0.14,1.43
2013-04-26,2576,5.75,5.55,5.76,5.54,15193,9386922.0,3.81,-3.98,-0.23,1.71
2013-05-02,2576,5.57,5.58,5.62,5.5,4642,2836918.0,2.16,0.54,0.03,0.52
2013-05-03,2576,5.61,5.66,5.7,5.56,7648,4754734.0,2.51,1.43,0.08,0.86
2013-05-06,2576,5.68,5.74,5.75,5.66,10117,6338155.0,1.59,1.41,0.08,1.14
2013-05-07,2576,5.75,5.79,5.84,5.71,10059,6376507.0,2.26,0.87,0.05,1.13
2013-05-08,2576,5.77,5.83,5.89,5.76,13315,8488880.0,2.25,0.69,0.04,1.5
2013-05-09,2576,5.81,5.95,5.99,5.81,31204,20185905.0,3.09,2.06,0.12,3.51
2013-05-10,2576,5.91,5.95,5.98,5.85,15068,9760991.0,2.18,0.0,0.0,1.7
2013-05-13,2576,5.95,5.92,5.97,5.86,10098,6545074.0,1.85,-0.5,-0.03,1.14
2013-05-14,2576,5.89,5.82,5.9,5.75,10816,6908828.0,2.53,-1.69,-0.1,1.22
2013-05-15,2576,5.86,5.87,5.89,5.81,7982,5115485.0,1.37,0.86,0.05,0.9
2013-05-16,2576,5.87,5.97,5.98,5.85,16144,10468679.0,2.21,1.7,0.1,1.82
2013-05-17,2576,5.96,6.05,6.06,5.95,19196,12548568.0,1.84,1.34,0.08,2.16
2013-05-20,2576,6.06,6.24,6.32,6.0,38216,25685398.0,5.29,3.14,0.19,4.3
2013-05-21,2576,6.27,6.25,6.31,6.14,22795,15379431.0,2.72,0.16,0.01,2.57
2013-05-22,2576,6.21,6.25,6.34,6.17,26041,17659410.0,2.72,0.0,0.0,2.93
2013-05-23,2576,6.25,6.26,6.41,6.18,31850,21764143.0,3.68,0.16,0.01,3.59
2013-05-24,2576,6.22,6.36,6.39,6.2,28217,19271432.0,3.04,1.6,0.1,3.18
2013-05-27,2576,6.36,6.41,6.43,6.3,25306,17483630.0,2.04,0.79,0.05,2.85
2013-05-28,2576,6.38,6.31,6.42,6.24,23387,16029509.0,2.81,-1.56,-0.1,2.63
2013-05-29,2576,6.31,6.34,6.38,6.26,23646,16167160.0,1.9,0.48,0.03,2.66
2013-05-30,2576,6.31,6.27,6.36,6.22,22675,15446511.0,2.21,-1.1,-0.07,2.55
2013-05-31,2576,6.27,6.24,6.35,6.23,24498,16714579.0,1.91,-0.48,-0.03,2.76
2013-06-03,2576,6.22,6.2,6.31,6.17,20343,13784487.0,2.24,-0.64,-0.04,2.29
2013-06-04,2576,6.24,6.12,6.3,6.1,21201,14307873.0,3.23,-1.29,-0.08,2.39
2013-06-05,2576,6.12,6.17,6.17,6.09,12681,8456548.0,1.31,0.82,0.05,1.43
2013-06-06,2576,6.16,6.0,6.16,6.0,15210,10043005.0,2.59,-2.76,-0.17,1.71
2013-06-07,2576,6.0,5.85,6.07,5.84,12620,8187866.0,3.83,-2.5,-0.15,1.42
2013-06-13,2576,5.87,5.62,5.87,5.55,15588,9594538.0,5.47,-3.93,-0.23,1.76
2013-06-14,2576,5.62,5.68,5.71,5.62,7750,4807250.0,1.6,1.07,0.06,0.87
2013-06-17,2576,5.69,5.66,5.75,5.64,8380,5209911.0,1.94,-0.35,-0.02,0.94
2013-06-18,2576,5.66,5.67,5.71,5.65,6353,3941568.0,1.06,0.18,0.01,0.72
2013-06-19,2576,5.7,5.65,5.7,5.56,7022,4315041.0,2.47,-0.35,-0.02,0.79
2013-06-20,2576,5.63,5.56,5.68,5.55,8810,5416570.0,2.3,-1.59,-0.09,0.99
2013-06-21,2576,5.52,5.46,5.52,5.31,10837,6453227.0,3.78,-1.8,-0.1,1.22
2013-06-24,2576,5.45,5.07,5.46,5.06,11200,6434153.0,7.33,-7.14,-0.39,1.26
2013-06-25,2576,5.03,5.06,5.13,4.65,14181,7734271.0,9.47,-0.2,-0.01,1.6
2013-06-26,2576,5.06,5.1,5.14,4.98,10810,6036683.0,3.16,0.79,0.04,1.22
2013-06-27,2576,5.14,4.93,5.18,4.92,9646,5400227.0,5.1,-3.33,-0.17,1.09
2013-06-28,2576,4.94,4.87,5.05,4.86,11010,6035126.0,3.85,-1.22,-0.06,1.24
2013-07-01,2576,4.88,5.03,5.04,4.87,8803,4823280.0,3.49,3.29,0.16,0.9
2013-07-02,2576,5.08,5.11,5.14,4.97,10392,5821248.0,3.38,1.59,0.08,1.06
2013-07-03,2576,5.07,5.08,5.11,4.97,7539,4211200.0,2.74,-0.59,-0.03,0.77
2013-07-04,2576,5.07,5.16,5.2,5.01,9239,5226560.0,3.74,1.57,0.08,0.94
2013-07-05,2576,5.22,5.17,5.22,5.1,7002,3987403.0,2.33,0.19,0.01,0.71
2013-07-08,2576,5.19,4.94,5.19,4.91,6797,3755886.0,5.42,-4.45,-0.23,0.69
2013-07-09,2576,4.89,4.98,5.0,4.89,5889,3229341.0,2.23,0.81,0.04,0.6
2013-07-10,2576,4.98,5.12,5.12,4.96,8296,4618713.0,3.21,2.81,0.14,0.85
2013-07-11,2576,5.14,5.23,5.29,5.09,11849,6815237.0,3.91,2.15,0.11,1.21
2013-07-12,2576,5.23,5.18,5.33,5.12,8475,4867186.0,4.02,-0.96,-0.05,0.87
2013-07-15,2576,5.19,5.26,5.28,5.14,7305,4207834.0,2.7,1.54,0.08,0.75
2013-07-16,2576,5.24,5.37,5.41,5.22,12876,7551578.0,3.61,2.09,0.11,1.31
2013-07-17,2576,5.37,5.27,5.38,5.26,7789,4563692.0,2.23,-1.86,-0.1,0.8
2013-07-18,2576,5.32,5.32,5.41,5.19,13551,7916588.0,4.17,0.95,0.05,1.38
2013-07-19,2576,5.28,5.28,5.36,5.16,18343,10675401.0,3.76,-0.75,-0.04,1.87
2013-07-22,2576,5.31,5.36,5.38,5.22,14224,8314805.0,3.03,1.52,0.08,1.45
2013-07-23,2576,5.37,5.46,5.48,5.32,15488,9228560.0,2.99,1.87,0.1,1.58
2013-07-24,2576,5.46,5.39,5.47,5.31,14362,8502016.0,2.93,-1.28,-0.07,1.47
2013-07-25,2576,5.42,5.71,5.77,5.37,54510,33436775.0,7.42,5.94,0.32,5.57
2013-07-26,2576,5.69,5.86,5.91,5.51,38206,23881537.0,7.01,2.63,0.15,3.9
2013-07-29,2576,5.77,6.21,6.25,5.71,137816,90929120.0,9.22,5.97,0.35,14.07
2013-07-30,2576,6.07,5.95,6.07,5.83,51693,33432434.0,3.86,-4.19,-0.26,5.28
2013-07-31,2576,5.89,5.78,5.95,5.75,29551,18733170.0,3.36,-2.86,-0.17,3.02
2013-08-01,2576,5.77,5.89,5.89,5.73,20528,13051310.0,2.77,1.9,0.11,2.1
2013-08-02,2576,5.88,5.87,5.98,5.78,24488,15668629.0,3.4,-0.34,-0.02,2.5
2013-08-05,2576,5.85,5.92,5.93,5.82,15510,9948807.0,1.87,0.85,0.05,1.58
2013-08-06,2576,5.9,6.0,6.04,5.88,18581,12095894.0,2.7,1.35,0.08,1.9
2013-08-07,2576,6.0,5.86,6.14,5.84,25819,16843755.0,5.0,-2.33,-0.14,2.64
2013-08-08,2576,5.83,5.84,5.97,5.72,19342,12238998.0,4.27,-0.34,-0.02,1.97
2013-08-09,2576,5.84,5.85,5.91,5.75,13206,8386036.0,2.74,0.17,0.01,1.35
2013-08-12,2576,5.9,6.01,6.08,5.85,28912,18862796.0,3.93,2.74,0.16,2.95
2013-08-13,2576,5.99,6.19,6.22,5.96,39152,25960166.0,4.33,3.0,0.18,4.0
2013-08-14,2576,6.15,6.05,6.22,6.01,24303,16069359.0,3.39,-2.26,-0.14,2.48
2013-08-15,2576,6.07,5.96,6.16,5.95,17351,11471445.0,3.47,-1.49,-0.09,1.77
2013-08-16,2576,5.97,5.76,6.04,5.69,18607,11964931.0,5.87,-3.36,-0.2,1.9
2013-08-19,2576,5.73,5.86,5.9,5.66,10779,6826870.0,4.17,1.74,0.1,1.1
2013-08-20,2576,5.85,6.09,6.14,5.85,30999,20373205.0,4.95,3.92,0.23,3.16
2013-08-21,2576,6.05,6.23,6.25,5.99,34920,23378673.0,4.27,2.3,0.14,3.57
2013-08-22,2576,6.19,6.11,6.19,6.1,16804,11211687.0,1.44,-1.93,-0.12,1.72
2013-08-23,2576,6.11,6.36,6.77,6.11,90226,63529236.0,10.8,4.09,0.25,9.21
2013-08-26,2576,6.3,6.38,6.45,6.25,47546,32670381.0,3.14,0.31,0.02,4.85
2013-08-27,2576,6.35,6.35,6.39,6.2,30383,20715075.0,2.98,-0.47,-0.03,3.1
2013-08-28,2576,6.3,6.46,6.55,6.19,42199,29284393.0,5.67,1.73,0.11,4.31
2013-08-29,2576,6.44,6.31,6.55,6.27,24574,16947014.0,4.33,-2.32,-0.15,2.51
2013-08-30,2576,6.27,6.27,6.43,6.17,27007,18379147.0,4.12,-0.63,-0.04,2.76
2013-09-02,2576,6.2,6.32,6.37,6.12,20636,13991799.0,3.99,0.8,0.05,2.11
2013-09-03,2576,6.31,6.4,6.44,6.29,22031,15232821.0,2.37,1.27,0.08,2.25
2013-09-04,2576,6.41,6.28,6.43,6.23,15901,10826079.0,3.13,-1.88,-0.12,1.62
2013-09-05,2576,6.3,6.36,6.42,6.22,17340,11915752.0,3.18,1.27,0.08,1.77
2013-09-06,2576,6.36,6.35,6.45,6.28,16520,11365033.0,2.67,-0.16,-0.01,1.69
2013-09-09,2576,6.36,6.33,6.43,6.31,14470,9963682.0,1.89,-0.31,-0.02,1.48
2013-09-10,2576,6.33,6.41,6.51,6.33,23186,16094674.0,2.84,1.26,0.08,2.37
2013-09-11,2576,6.45,6.32,6.49,6.31,23554,16281430.0,2.81,-1.4,-0.09,2.4
2013-09-12,2576,6.3,6.34,6.41,6.28,13089,9017279.0,2.06,0.32,0.02,1.34
2013-09-13,2576,6.35,6.48,6.55,6.3,25095,17498507.0,3.94,2.21,0.14,2.56
2013-09-16,2576,6.48,6.51,6.68,6.44,32318,22951077.0,3.7,0.46,0.03,3.3
2013-09-17,2576,6.48,6.3,6.54,6.28,16866,11638764.0,3.99,-3.23,-0.21,1.72
2013-09-18,2576,6.25,6.35,6.37,6.25,10868,7436093.0,1.9,0.79,0.05,1.11
2013-09-23,2576,6.35,6.39,6.43,6.28,15595,10763894.0,2.36,0.63,0.04,1.59
2013-09-24,2576,6.42,6.45,6.45,6.32,12254,8468114.0,2.03,0.94,0.06,1.25
2013-09-25,2576,6.4,6.4,6.5,6.35,18040,12524136.0,2.33,-0.78,-0.05,1.84
2013-09-26,2576,6.33,6.39,6.46,6.29,19176,13264747.0,2.66,-0.16,-0.01,1.96
2013-09-27,2576,6.42,6.32,6.42,6.31,8219,5656068.0,1.72,-1.1,-0.07,0.84
2013-09-30,2576,6.28,6.28,6.37,6.2,17675,11984390.0,2.69,-0.63,-0.04,1.8
2013-10-08,2576,6.29,6.41,6.52,6.24,21423,14759378.0,4.46,2.07,0.13,2.19
2013-10-09,2576,6.41,6.47,6.51,6.35,20624,14425950.0,2.5,0.94,0.06,2.11
2013-10-10,2576,6.46,6.41,6.51,6.33,19949,13847290.0,2.78,-0.93,-0.06,2.04
2013-10-11,2576,6.4,6.69,6.74,6.4,65511,47056324.0,5.3,4.37,0.28,6.69
2013-10-14,2576,6.72,6.86,6.93,6.62,38873,28479102.0,4.63,2.54,0.17,3.97
2013-10-15,2576,6.81,6.73,7.02,6.67,27110,19887542.0,5.1,-1.9,-0.13,2.77
2013-10-16,2576,6.73,6.55,6.84,6.46,26356,18802051.0,5.65,-2.67,-0.18,2.69
2013-10-17,2576,6.62,6.63,6.64,6.49,17488,12430266.0,2.29,1.22,0.08,1.79
2013-10-18,2576,6.57,6.62,6.75,6.53,12821,9183136.0,3.32,-0.15,-0.01,1.31
2013-10-21,2576,6.6,6.68,6.77,6.59,17307,12476284.0,2.72,0.91,0.06,1.77
2013-10-22,2576,6.68,6.67,6.89,6.64,28448,20706944.0,3.74,-0.15,-0.01,2.9
2013-10-23,2576,6.67,6.47,6.77,6.39,27624,19575928.0,5.7,-3.0,-0.2,2.82
2013-10-24,2576,6.47,6.34,6.47,6.3,13805,9514619.0,2.63,-2.01,-0.13,1.41
2013-10-25,2576,6.33,6.33,6.45,6.28,13889,9589098.0,2.68,-0.16,-0.01,1.42
2013-10-28,2576,6.34,6.31,6.4,6.16,13792,9348170.0,3.79,-0.32,-0.02,1.41
2013-10-29,2576,6.31,6.11,6.34,5.88,18223,12090878.0,7.29,-3.17,-0.2,1.86
2013-10-30,2576,5.95,6.24,6.27,5.95,7976,5345662.0,5.24,2.13,0.13,0.81
2013-10-31,2576,6.26,6.23,6.27,6.17,6177,4170876.0,1.6,-0.16,-0.01,0.63
2013-11-01,2576,6.22,6.14,6.22,6.11,5374,3589225.0,1.77,-1.44,-0.09,0.55
2013-11-04,2576,6.17,6.21,6.21,6.12,5507,3683610.0,1.47,1.14,0.07,0.56
2013-11-05,2576,6.15,6.26,6.27,6.13,4815,3248196.0,2.25,0.81,0.05,0.49
2013-11-06,2576,6.23,6.25,6.33,6.22,8092,5522719.0,1.76,-0.16,-0.01,0.83
2013-11-07,2576,6.23,6.07,6.25,6.06,6412,4289438.0,3.04,-2.88,-0.18,0.65
2013-11-08,2576,6.06,6.08,6.12,5.95,6350,4177024.0,2.8,0.16,0.01,0.65
2013-11-11,2576,6.03,6.18,6.23,6.02,4908,3275026.0,3.45,1.64,0.1,0.5
2013-11-12,2576,6.16,6.27,6.31,6.16,8398,5698134.0,2.43,1.46,0.09,0.86
2013-11-13,2576,6.24,6.24,6.32,6.22,10617,7207534.0,1.59,-0.48,-0.03,1.08
2013-11-14,2576,6.26,6.32,6.37,6.13,18394,12565243.0,3.85,1.28,0.08,1.88
2013-11-15,2576,6.3,6.45,6.55,6.3,24579,17162515.0,3.96,2.06,0.13,2.51
2013-11-18,2576,6.47,6.51,6.56,6.45,21826,15347793.0,1.71,0.93,0.06,2.23
2013-11-19,2576,6.52,6.55,6.55,6.43,19708,13810781.0,1.84,0.61,0.04,2.01
2013-11-20,2576,6.52,6.78,6.87,6.52,43989,31843496.0,5.34,3.51,0.23,4.49
2013-11-21,2576,6.74,6.71,6.79,6.62,19269,13916153.0,2.51,-1.03,-0.07,1.97
2013-11-22,2576,6.71,6.66,6.78,6.64,14187,10252836.0,2.09,-0.75,-0.05,1.45
2013-11-25,2576,6.65,6.62,6.77,6.62,17136,12390007.0,2.25,-0.6,-0.04,1.75
2013-11-26,2576,6.62,6.67,6.73,6.61,11730,8452345.0,1.81,0.76,0.05,1.2
2013-11-27,2576,6.73,6.7,6.74,6.64,28641,20693847.0,1.5,0.45,0.03,2.92
2013-11-28,2576,6.68,6.73,6.85,6.68,39342,28767442.0,2.54,0.45,0.03,4.02
2013-11-29,2576,6.7,7.03,7.03,6.7,80293,59500911.0,4.9,4.46,0.3,8.2
2013-12-02,2576,6.87,6.45,6.87,6.37,54991,39333607.0,7.11,-8.25,-0.58,5.61
2013-12-03,2576,6.37,6.5,6.63,6.22,35053,24245866.0,6.36,0.78,0.05,3.58
2013-12-04,2576,6.42,6.59,6.7,6.39,29906,21286504.0,4.77,1.38,0.09,3.05
2013-12-05,2576,6.59,6.66,6.71,6.53,21481,15378938.0,2.73,1.06,0.07,2.19
2013-12-06,2576,6.67,6.62,6.74,6.57,14758,10588010.0,2.55,-0.6,-0.04,1.51
2013-12-09,2576,6.62,6.81,6.83,6.6,25950,18856366.0,3.47,2.87,0.19,2.65
2013-12-10,2576,6.78,6.84,6.93,6.78,26682,19730770.0,2.2,0.44,0.03,2.72
2013-12-11,2576,6.89,6.71,6.9,6.63,24022,17511262.0,3.95,-1.9,-0.13,2.45
2013-12-12,2576,6.77,6.89,6.92,6.7,28940,21280592.0,3.28,2.68,0.18,2.95
2013-12-13,2576,6.91,7.24,7.5,6.82,123370,96162530.0,9.87,5.08,0.35,12.6
2013-12-16,2576,7.19,7.25,7.31,6.98,64814,49737203.0,4.56,0.14,0.01,6.62
2013-12-17,2576,7.15,7.42,7.64,7.15,103288,82592144.0,6.76,2.34,0.17,10.55
2013-12-18,2576,7.32,7.13,7.6,7.07,69272,54619504.0,7.14,-3.91,-0.29,7.07
2013-12-19,2576,7.04,7.15,7.3,7.04,47047,36237978.0,3.65,0.28,0.02,4.8
2013-12-20,2576,7.06,6.74,7.14,6.71,50004,36858974.0,6.01,-5.73,-0.41,5.11
2013-12-23,2576,6.66,6.54,6.91,6.49,34259,24631574.0,6.23,-2.97,-0.2,3.5
2013-12-24,2576,6.55,6.64,6.69,6.53,22295,15912454.0,2.45,1.53,0.1,2.28
2013-12-25,2576,6.67,6.76,6.77,6.57,21843,15772292.0,3.01,1.81,0.12,2.23
2013-12-26,2576,6.73,6.57,6.77,6.55,25070,17961282.0,3.25,-2.81,-0.19,2.56
2013-12-27,2576,6.53,6.72,6.76,6.49,25807,18596683.0,4.11,2.28,0.15,2.63
2013-12-30,2576,6.75,6.91,6.95,6.73,28889,21406905.0,3.27,2.83,0.19,2.95
2013-12-31,2576,6.9,6.98,7.01,6.85,28507,21296548.0,2.32,1.01,0.07,2.91
2014-01-02,2576,6.98,6.99,7.03,6.91,24370,18295578.0,1.72,0.14,0.01,2.48
2014-01-03,2576,6.99,7.01,7.13,6.93,27544,20794717.0,2.86,0.29,0.02,2.81
2014-01-06,2576,7.01,6.76,7.06,6.68,30387,22274614.0,5.42,-3.57,-0.25,3.1
2014-01-07,2576,6.65,7.0,7.0,6.65,24973,18476043.0,5.18,3.55,0.24,2.55
2014-01-08,2576,7.01,7.02,7.21,6.95,31688,24102447.0,3.71,0.29,0.02,3.23
2014-01-09,2576,7.0,6.68,7.12,6.67,28267,21084462.0,6.41,-4.84,-0.34,2.88
2014-01-10,2576,6.61,6.56,6.75,6.46,25174,17989373.0,4.34,-1.8,-0.12,2.57
2014-01-13,2576,6.56,6.42,6.61,6.33,26830,18756884.0,4.27,-2.13,-0.14,2.73
2014-01-14,2576,6.38,6.61,6.61,6.38,13540,9540505.0,3.58,2.96,0.19,1.38
2014-01-15,2576,6.64,6.62,6.7,6.54,13612,9713557.0,2.42,0.15,0.01,1.39
2014-01-16,2576,6.61,6.75,6.81,6.59,21321,15442687.0,3.32,1.96,0.13,2.17
2014-01-17,2576,6.76,6.74,6.81,6.63,16229,11755302.0,2.67,-0.15,-0.01,1.65
2014-01-20,2576,6.77,6.75,6.9,6.72,20388,14951232.0,2.67,0.15,0.01,2.08
2014-01-21,2576,6.8,6.88,6.93,6.75,21623,15914681.0,2.67,1.93,0.13,2.2
2014-01-22,2576,6.91,6.99,7.03,6.86,34811,26089221.0,2.47,1.6,0.11,3.55
2014-01-23,2576,6.99,7.0,7.11,6.94,27260,20605252.0,2.43,0.14,0.01,2.78
2014-01-24,2576,7.01,7.07,7.07,6.97,28796,21764524.0,1.43,1.0,0.07,2.94
2014-01-27,2576,7.07,7.08,7.16,7.0,26092,19841698.0,2.26,0.14,0.01,2.66
2014-01-28,2576,7.03,7.15,7.18,6.95,28662,21763855.0,3.25,0.99,0.07,2.92
2014-01-29,2576,7.14,7.15,7.2,7.08,21025,16114774.0,1.68,0.0,0.0,2.14
2014-01-30,2576,7.15,7.03,7.15,7.01,17258,13119130.0,1.96,-1.68,-0.12,1.76
2014-02-07,2576,6.97,7.23,7.24,6.92,25264,19273021.0,4.55,2.84,0.2,2.58
2014-02-10,2576,7.29,7.46,7.5,7.23,44578,35364117.0,3.73,3.18,0.23,4.54
2014-02-11,2576,7.52,7.4,7.67,7.36,40173,32198134.0,4.16,-0.8,-0.06,4.09
2014-02-12,2576,7.46,7.9,7.91,7.34,67514,55554799.0,7.7,6.76,0.5,6.88
2014-02-13,2576,7.9,7.63,7.9,7.58,40838,33863396.0,4.05,-3.42,-0.27,4.16
2014-02-14,2576,7.63,7.97,8.12,7.61,47501,40132888.0,6.68,4.46,0.34,4.84
2014-02-17,2576,7.98,8.59,8.63,7.89,75943,67425915.0,9.28,7.78,0.62,7.74
2014-02-18,2576,8.61,8.52,8.85,8.41,80833,73973578.0,5.12,-0.81,-0.07,8.24
2014-02-19,2576,8.52,8.37,8.61,8.27,50716,45178724.0,3.99,-1.76,-0.15,5.17
2014-02-20,2576,8.37,8.0,8.46,7.97,51710,44715283.0,5.85,-4.42,-0.37,5.27
2014-02-21,2576,7.97,8.19,8.2,7.94,31602,27141289.0,3.25,2.38,0.19,3.22
2014-02-24,2576,8.17,8.65,8.72,8.07,50643,45217298.0,7.94,5.62,0.46,5.16
2014-02-25,2576,8.65,8.31,9.07,7.87,90320,82733582.0,13.87,-3.93,-0.34,9.21
2014-02-26,2576,8.28,8.07,8.3,7.47,39556,33476493.0,9.99,-2.89,-0.24,4.03
2014-02-27,2576,8.07,8.41,8.83,8.06,62279,56248409.0,9.54,4.21,0.34,6.35
2014-02-28,2576,8.41,8.38,8.47,8.05,32149,28200870.0,4.99,-0.36,-0.03,3.28
2014-03-03,2576,8.33,8.69,8.72,8.27,41758,38051926.0,5.37,3.7,0.31,4.26
2014-03-04,2576,8.62,8.68,8.83,8.51,32854,30149830.0,3.68,-0.12,-0.01,3.35
2014-03-05,2576,8.68,9.32,9.32,8.6,80602,77484362.0,8.29,7.37,0.64,8.22
2014-03-06,2576,9.27,9.23,9.39,8.91,58134,56351396.0,5.15,-0.97,-0.09,5.93
2014-03-07,2576,9.17,9.07,9.43,8.96,45857,44365138.0,5.09,-1.73,-0.16,4.67
2014-03-10,2576,9.05,8.51,9.07,8.43,45296,41655847.0,7.06,-6.17,-0.56,4.62
2014-03-11,2576,8.59,8.32,8.59,8.08,33592,29622303.0,5.99,-2.23,-0.19,3.42
2014-03-12,2576,9.21,9.21,9.21,8.95,167123,162648072.0,3.13,10.7,0.89,17.03
2014-03-13,2576,9.21,8.63,9.21,8.55,136428,127479776.0,7.17,-6.3,-0.58,13.91
2014-03-14,2576,8.26,8.33,8.54,8.12,61034,54111395.0,4.87,-3.48,-0.3,6.22
2014-03-17,2576,8.35,8.52,8.55,8.18,42046,37421673.0,4.44,2.28,0.19,4.29
2014-03-18,2576,8.47,8.57,8.67,8.4,39080,35425104.0,3.17,0.59,0.05,3.98
2014-03-19,2576,8.51,8.46,8.53,8.37,25610,22939930.0,1.87,-1.28,-0.11,2.61
2014-03-20,2576,8.45,8.07,8.57,8.07,29811,26528185.0,5.91,-4.61,-0.39,3.04
2014-03-21,2576,8.06,8.15,8.22,7.83,39885,33978326.0,4.83,0.99,0.08,4.07
2014-03-24,2576,8.15,8.17,8.34,8.15,25006,21934659.0,2.33,0.25,0.02,2.55
2014-03-25,2576,8.14,8.11,8.2,8.06,18895,16352738.0,1.71,-0.73,-0.06,1.93
2014-03-26,2576,8.14,8.28,8.31,8.09,19211,16848252.0,2.71,2.1,0.17,1.96
2014-03-27,2576,8.28,8.06,8.36,8.05,20418,17828639.0,3.74,-2.66,-0.22,2.08
2014-03-28,2576,7.97,7.79,8.01,7.73,25727,21530514.0,3.47,-3.35,-0.27,2.62
2014-03-31,2576,7.82,7.82,7.88,7.69,12938,10768784.0,2.44,0.39,0.03,1.32
2014-04-01,2576,7.79,7.93,7.94,7.79,8932,7533761.0,1.92,1.41,0.11,0.91
2014-04-02,2576,7.95,7.82,7.95,7.75,16057,13412803.0,2.52,-1.39,-0.11,1.64
2014-04-03,2576,7.83,8.2,8.32,7.83,38684,33447657.0,6.27,4.86,0.38,3.94
2014-04-04,2576,8.05,8.22,8.25,8.0,20091,17479862.0,3.05,0.24,0.02,2.05
2014-04-08,2576,8.22,8.62,8.74,8.2,50575,45926553.0,6.57,4.87,0.4,5.15
2014-04-09,2576,8.7,9.54,9.54,8.7,135009,132751453.0,9.74,10.67,0.92,13.76
2014-04-10,2576,9.52,9.29,9.53,9.17,107548,106320721.0,3.77,-2.62,-0.25,10.96
2014-04-11,2576,9.19,9.95,10.27,9.0,162204,166714399.0,13.67,7.1,0.66,16.53
2014-04-14,2576,9.77,10.27,10.59,9.57,129478,138116615.0,10.25,3.22,0.32,13.2
2014-04-15,2576,9.95,9.68,10.22,9.63,115347,120187014.0,5.74,-5.74,-0.59,11.76
2014-04-16,2576,9.56,9.56,9.82,9.47,72785,73762189.0,3.62,-1.24,-0.12,7.42
2014-04-17,2576,9.52,10.17,10.22,9.52,108038,113530413.0,7.32,6.38,0.61,11.01
2014-04-18,2576,9.99,9.85,10.15,9.75,68217,71093403.0,3.93,-3.15,-0.32,6.95
2014-04-21,2576,9.67,9.73,10.06,9.61,55285,57230269.0,4.57,-1.22,-0.12,5.64
2014-04-22,2576,9.66,9.37,9.78,9.2,65230,64583080.0,5.96,-3.7,-0.36,6.65
2014-04-23,2576,9.35,9.18,9.55,8.99,55371,54151681.0,5.98,-2.03,-0.19,5.64
2014-04-24,2576,9.22,9.06,9.36,9.01,43245,41887252.0,3.81,-1.31,-0.12,4.08
2014-04-25,2576,9.0,8.61,9.06,8.47,52102,48245849.0,6.51,-4.97,-0.45,4.92
2014-04-28,2576,8.42,8.17,8.56,7.88,42176,36589466.0,7.9,-5.11,-0.44,3.98
2014-04-29,2576,8.08,8.34,8.35,8.06,28627,25126604.0,3.55,2.08,0.17,2.7
2014-04-30,2576,8.35,8.38,8.47,8.23,25473,22625772.0,2.88,0.48,0.04,2.4
2014-05-05,2576,8.29,8.58,8.6,8.28,29648,26716936.0,3.82,2.39,0.2,2.8
2014-05-06,2576,8.59,8.6,8.71,8.44,31398,28594525.0,3.15,0.23,0.02,1.9
2014-05-07,2576,8.49,8.25,8.64,8.19,22800,20444085.0,5.23,-4.07,-0.35,1.38
2014-05-08,2576,8.2,8.24,8.45,8.02,20551,18085478.0,5.21,-0.12,-0.01,1.24
2014-05-09,2576,8.25,8.13,8.37,7.87,23908,20623405.0,6.07,-1.33,-0.11,1.45
2014-05-12,2576,8.2,8.38,8.42,8.2,23366,20699411.0,2.71,3.08,0.25,1.42
2014-05-13,2576,8.38,8.43,8.64,8.38,22420,20234079.0,3.1,0.6,0.05,1.36
2014-05-14,2576,8.42,8.54,8.59,8.37,18974,17177971.0,2.61,1.3,0.11,1.15
2014-05-15,2576,8.57,8.38,8.74,8.34,26743,24306338.0,4.68,-1.87,-0.16,1.62
2014-05-16,2576,8.31,8.26,8.31,8.02,22333,19392280.0,3.46,-1.43,-0.12,1.35
2014-05-19,2576,8.23,8.22,8.27,8.12,11731,10245999.0,1.82,-0.48,-0.04,0.71
2014-05-20,2576,8.29,8.11,8.35,8.07,18699,16304438.0,3.41,-1.34,-0.11,1.13
2014-05-21,2576,8.05,8.15,8.17,7.96,19128,16476385.0,2.59,0.49,0.04,1.16
2014-05-22,2576,8.17,8.12,8.23,8.1,21163,18412237.0,1.6,-0.37,-0.03,1.28
2014-05-23,2576,8.13,8.23,8.23,8.08,14117,12260548.0,1.85,1.35,0.11,0.86
2014-05-26,2576,8.3,9.06,9.1,8.3,67449,62257761.0,9.72,10.09,0.83,4.09
2014-05-27,2576,9.06,8.87,9.07,8.81,43908,41497145.0,2.87,-2.1,-0.19,2.66
2014-05-28,2576,8.92,9.2,9.35,8.81,59350,57733220.0,6.09,3.72,0.33,3.59
2014-05-29,2576,9.27,9.15,9.33,9.03,38214,37163265.0,3.26,-0.54,-0.05,2.31
2014-05-30,2576,9.18,8.95,9.22,8.82,34917,32981847.0,4.37,-2.19,-0.2,2.11
2014-06-03,2576,8.96,9.18,9.28,8.9,34709,33339246.0,4.25,2.57,0.23,2.1
2014-06-04,2576,9.05,8.96,9.2,8.8,20200,19058957.0,4.36,-2.4,-0.22,1.22
2014-06-05,2576,8.95,8.99,9.08,8.78,30282,28503266.0,3.35,0.33,0.03,1.83
2014-06-06,2576,8.97,9.13,9.2,8.93,36550,35099087.0,3.0,1.56,0.14,2.21
2014-06-09,2576,9.06,8.9,9.24,8.81,31003,29493017.0,4.71,-2.52,-0.23,1.88
2014-06-10,2576,8.89,9.03,9.09,8.8,26548,25136782.0,3.26,1.46,0.13,1.61
2014-06-11,2576,9.0,9.35,9.48,8.92,55169,53784936.0,6.2,3.54,0.32,3.34
2014-06-12,2576,9.29,9.37,9.56,9.25,44200,43836636.0,3.32,0.21,0.02,2.68
2014-06-13,2576,9.41,9.4,9.48,9.23,35338,34943398.0,2.67,0.32,0.03,2.14
2014-06-16,2576,9.37,9.48,9.7,9.35,37038,37254958.0,3.72,0.85,0.08,2.24
2014-06-17,2576,9.43,9.3,9.78,9.3,28926,28783811.0,5.06,-1.9,-0.18,1.75
2014-06-18,2576,9.23,9.1,9.34,9.09,25605,24776042.0,2.69,-2.15,-0.2,1.55
2014-06-19,2576,9.1,8.7,9.19,8.63,22924,21553706.0,6.15,-4.4,-0.4,1.39
2014-06-20,2576,8.6,8.79,8.8,8.52,22355,20514172.0,3.22,1.03,0.09,1.35
2014-06-23,2576,8.83,8.94,9.07,8.75,21570,20429478.0,3.64,1.71,0.15,1.31
2014-06-24,2576,8.99,9.02,9.13,8.91,20778,19773063.0,2.46,0.89,0.08,1.26
2014-06-25,2576,9.1,9.03,9.12,8.9,21207,20216033.0,2.44,0.11,0.01,1.28
2014-06-26,2576,9.03,9.4,9.66,9.03,45625,45094227.0,6.98,4.1,0.37,2.76
2014-06-27,2576,9.4,9.71,9.79,9.33,62484,63608066.0,4.89,3.3,0.31,3.78
2014-06-30,2576,9.72,10.73,10.73,9.68,142067,153556893.0,10.81,10.5,1.02,8.6
2014-07-01,2576,10.63,10.5,10.73,10.32,112021,123074859.0,3.82,-2.14,-0.23,6.79
2014-07-02,2576,10.43,10.83,11.4,10.43,153100,174886572.0,9.24,3.14,0.33,9.27
2014-07-03,2576,10.89,11.08,11.25,10.77,116651,133760881.0,4.43,2.31,0.25,7.07
2014-07-04,2576,10.92,10.78,11.02,10.55,55486,62530815.0,4.24,-2.71,-0.3,3.36
2014-07-07,2576,10.8,10.9,11.15,10.74,49656,56866115.0,3.8,1.11,0.12,3.01
2014-07-08,2576,10.76,11.28,11.32,10.43,88797,100924249.0,8.17,3.49,0.38,5.38
2014-07-09,2576,11.1,10.79,11.65,10.7,97969,114793212.0,8.42,-4.34,-0.49,5.93
2014-07-10,2576,10.71,10.63,10.96,10.5,59689,66950687.0,4.26,-1.48,-0.16,3.62
2014-07-11,2576,10.63,10.72,10.93,10.54,55526,62201457.0,3.67,0.85,0.09,3.36
2014-07-14,2576,10.72,10.79,10.88,10.56,35828,40218175.0,2.99,0.65,0.07,2.17
2014-07-15,2576,10.89,11.06,11.28,10.83,62151,71937855.0,4.17,2.5,0.27,3.76
2014-07-16,2576,11.02,10.46,11.17,10.34,58825,65676336.0,7.5,-5.42,-0.6,3.56
2014-07-17,2576,10.46,10.5,10.5,10.25,23394,25437122.0,2.39,0.38,0.04,1.42
2014-07-18,2576,10.45,10.49,10.7,10.35,15249,16806375.0,3.33,-0.1,-0.01,0.92
2014-07-21,2576,10.5,10.29,10.6,10.08,24344,26265847.0,4.96,-1.91,-0.2,1.47
2014-07-22,2576,10.29,10.69,10.72,10.2,35009,38649580.0,5.05,3.89,0.4,2.12
2014-07-23,2576,10.66,10.3,10.82,10.2,31152,34384741.0,5.8,-3.65,-0.39,1.89
2014-07-24,2576,10.29,10.3,10.43,9.95,23060,24833909.0,4.66,0.0,0.0,1.4
2014-07-25,2576,10.26,10.31,10.4,10.18,16671,17971072.0,2.14,0.1,0.01,1.01
2014-07-28,2576,10.28,10.81,10.85,10.25,42654,47035599.0,5.82,4.85,0.5,2.58
2014-07-29,2576,10.8,10.9,10.93,10.62,39633,44844531.0,2.87,0.83,0.09,2.4
2014-07-30,2576,10.86,11.46,11.7,10.83,77327,91471610.0,7.98,5.14,0.56,4.68
2014-07-31,2576,11.36,11.93,12.1,11.25,62004,75993717.0,7.42,4.1,0.47,3.76
2014-08-01,2576,11.8,11.44,11.81,11.35,39355,47544091.0,3.86,-4.11,-0.49,2.38
2014-08-04,2576,11.45,11.51,11.56,11.24,28130,33560410.0,2.8,0.61,0.07,1.7
2014-08-05,2576,11.41,11.52,11.79,11.38,25729,31036368.0,3.56,0.09,0.01,1.56
2014-08-06,2576,11.5,11.5,11.68,11.41,21236,25545371.0,2.34,-0.17,-0.02,1.29
2014-08-07,2576,11.47,11.85,12.04,11.47,58254,71796958.0,4.96,3.04,0.35,3.53
2014-08-08,2576,11.75,11.81,12.04,11.54,54492,67157003.0,4.22,-0.34,-0.04,3.3
2014-08-11,2576,11.81,12.62,13.0,11.76,68674,89083450.0,10.5,6.86,0.81,4.16
2014-08-12,2576,12.75,12.4,12.78,12.35,56140,72919772.0,3.41,-1.74,-0.22,3.4
2014-08-13,2576,12.37,12.42,12.69,11.97,56549,72488533.0,5.81,0.16,0.02,3.43
2014-08-14,2576,12.38,12.57,12.85,12.11,51137,66961508.0,5.96,1.21,0.15,3.1
2014-08-15,2576,12.58,13.13,13.26,12.39,54145,73146861.0,6.92,4.46,0.56,3.28
2014-08-18,2576,13.2,13.38,13.39,12.93,45335,61861675.0,3.5,1.9,0.25,2.75
2014-08-19,2576,13.24,13.09,13.34,12.85,43188,58776765.0,3.66,-2.17,-0.29,2.62
2014-08-20,2576,13.16,13.37,13.94,13.06,61369,85776884.0,6.72,2.14,0.28,3.72
2014-08-21,2576,13.22,13.26,13.57,13.16,45654,63272312.0,3.07,-0.82,-0.11,2.77
2014-08-22,2576,13.48,13.3,13.56,12.98,49613,68126287.0,4.37,0.3,0.04,3.01
2014-08-25,2576,13.28,12.68,13.38,12.66,30256,40759506.0,5.41,-4.66,-0.62,1.83
2014-08-26,2576,12.68,12.72,13.15,12.63,35202,46941784.0,4.1,0.32,0.04,2.13
2014-08-27,2576,12.73,12.69,12.96,12.65,31115,41347628.0,2.44,-0.24,-0.03,1.88
2014-08-28,2576,12.7,13.0,13.25,12.69,41825,56476791.0,4.41,2.44,0.31,2.53
2014-08-29,2576,13.0,13.17,13.17,12.71,25587,34513152.0,3.54,1.31,0.17,1.55
2014-09-01,2576,13.15,13.57,13.83,12.85,99109,137980688.0,7.44,3.04,0.4,6.0
2014-09-02,2576,13.5,13.89,14.09,13.38,102981,146188388.0,5.23,2.36,0.32,6.24
2014-09-03,2576,13.8,13.78,14.41,13.7,66047,95598287.0,5.11,-0.79,-0.11,4.0
2014-09-04,2576,13.85,13.77,13.99,13.6,46679,66719554.0,2.83,-0.07,-0.01,2.83
2014-09-05,2576,13.79,13.6,13.83,13.39,48218,67739811.0,3.2,-1.23,-0.17,2.92
2014-09-09,2576,13.6,13.72,13.88,13.44,49214,69842398.0,3.24,0.88,0.12,2.98
2014-09-10,2576,13.68,13.67,13.72,13.49,31432,44258539.0,1.68,-0.36,-0.05,1.9
2014-09-11,2576,13.63,13.78,14.05,13.58,44479,63518790.0,3.44,0.8,0.11,2.69
2014-09-12,2576,13.82,14.36,14.38,13.79,67169,98164439.0,4.28,4.21,0.58,4.07
2014-09-15,2576,14.36,14.41,14.6,14.16,52034,77269811.0,3.06,0.35,0.05,3.15
2014-09-16,2576,14.26,13.13,14.39,12.96,94315,133088425.0,9.92,-8.88,-1.28,5.71
2014-09-17,2576,13.14,12.85,13.3,12.68,48684,64960986.0,4.72,-2.13,-0.28,2.95
2014-09-18,2576,12.8,12.86,12.91,12.58,27161,36038858.0,2.57,0.08,0.01,1.65
2014-09-19,2576,12.85,13.16,13.23,12.81,31477,42493213.0,3.27,2.33,0.3,1.91
2014-09-22,2576,13.16,12.66,13.16,12.47,37269,49284381.0,5.24,-3.8,-0.5,2.26
2014-09-23,2576,12.65,12.83,12.85,12.6,29191,38702632.0,1.97,1.34,0.17,1.77
2014-09-24,2576,12.83,13.17,13.22,12.64,60116,81584913.0,4.52,2.65,0.34,3.64
2014-09-25,2576,13.17,13.73,13.84,13.09,77392,109357745.0,5.69,4.25,0.56,4.69
2014-09-26,2576,13.78,13.83,14.05,13.61,50558,72299687.0,3.2,0.73,0.1,3.06
2014-09-29,2576,13.83,13.84,14.0,13.64,42919,61260980.0,2.6,0.07,0.01,2.6
2014-09-30,2576,13.84,13.7,13.9,13.61,29192,41500197.0,2.1,-1.01,-0.14,1.77
2014-10-08,2576,13.7,13.86,13.9,13.58,44944,64251488.0,2.34,1.17,0.16,2.72
2014-10-09,2576,13.88,13.94,14.04,13.69,46611,67088833.0,2.53,0.58,0.08,2.82
2014-10-10,2576,13.89,13.68,13.89,13.61,31960,45473548.0,2.01,-1.87,-0.26,1.94
2014-10-13,2576,13.7,13.7,13.75,13.24,42108,58903092.0,3.73,0.15,0.02,2.55
2014-10-14,2576,13.67,13.38,13.77,13.35,32454,45545013.0,3.07,-2.34,-0.32,1.97
2014-10-15,2576,13.43,13.26,13.49,13.08,25437,34982077.0,3.06,-0.9,-0.12,1.54
2014-10-16,2576,13.25,13.26,13.46,13.05,36382,50063781.0,3.09,0.0,0.0,2.2
2014-10-17,2576,13.26,12.91,13.26,12.7,25649,34371904.0,4.22,-2.64,-0.35,1.55
2014-10-20,2576,12.95,13.16,13.18,12.83,15559,21068320.0,2.71,1.94,0.25,0.94
2014-10-21,2576,13.29,13.16,13.39,13.07,26332,36249447.0,2.43,0.0,0.0,1.59
2014-10-22,2576,13.24,13.1,13.45,13.05,28560,39367872.0,3.04,-0.46,-0.06,1.73
2014-10-23,2576,13.1,12.73,13.28,12.68,24004,32164885.0,4.58,-2.82,-0.37,1.45
2014-10-24,2576,12.73,12.73,12.89,12.6,12402,16437713.0,2.28,0.0,0.0,0.75
2014-10-27,2576,12.75,13.5,13.7,12.65,42645,58636234.0,8.25,6.05,0.77,2.58
2014-10-28,2576,13.55,14.65,14.8,13.55,127155,188644126.0,9.26,8.52,1.15,7.7
2014-10-29,2576,14.51,14.6,14.8,14.42,71021,107571978.0,2.59,-0.34,-0.05,4.3
2014-10-30,2576,14.65,14.38,14.66,14.18,44381,66048898.0,3.29,-1.51,-0.22,2.69
2014-10-31,2576,14.47,14.45,14.77,14.05,37936,56430294.0,5.01,0.49,0.07,2.3
2014-11-03,2576,14.45,14.42,14.6,14.19,26994,40059394.0,2.84,-0.21,-0.03,1.64
2014-11-04,2576,14.32,13.94,14.42,13.91,37459,54716576.0,3.54,-3.33,-0.48,2.27
2014-11-05,2576,13.94,13.92,14.24,13.52,52617,75150353.0,5.16,-0.14,-0.02,3.19
2014-11-06,2576,13.85,14.05,14.07,13.6,38642,55372144.0,3.38,0.93,0.13,2.34
2014-11-07,2576,14.0,14.08,14.09,13.69,54240,78060824.0,2.85,0.21,0.03,3.29
2014-11-10,2576,14.07,13.98,14.08,13.85,29450,42596389.0,1.63,-0.71,-0.1,1.78
2014-11-11,2576,13.1,12.56,13.4,12.53,125490,169040724.0,6.22,-10.16,-1.42,7.6
2014-11-12,2576,12.3,12.51,12.51,12.08,36715,47160570.0,3.42,-0.4,-0.05,2.22
2014-11-13,2576,12.47,11.89,12.47,11.8,42634,53554075.0,5.36,-4.96,-0.62,2.58
2014-11-14,2576,11.85,12.05,12.25,11.52,41676,51913041.0,6.14,1.35,0.16,2.52
2014-11-17,2576,12.0,12.24,12.46,11.89,33149,41932617.0,4.73,1.58,0.19,2.01
2014-11-18,2576,12.25,12.3,12.38,12.08,25832,32871509.0,2.45,0.49,0.06,1.56
2014-11-19,2576,12.3,12.43,12.52,12.16,32062,41179737.0,2.93,1.06,0.13,1.94
2014-11-20,2576,12.38,12.38,12.41,12.18,21151,27070691.0,1.85,-0.4,-0.05,1.28
2014-11-21,2576,12.37,12.73,12.85,12.31,32662,43146524.0,4.36,2.83,0.35,1.98
2014-11-24,2576,12.75,12.95,12.95,12.65,42952,56959118.0,2.36,1.73,0.22,2.6
2014-11-25,2576,12.79,13.01,13.06,12.65,47933,64140485.0,3.17,0.46,0.06,2.9
2014-11-26,2576,12.95,13.12,13.12,12.7,35446,47505658.0,3.23,0.85,0.11,2.15
2014-11-27,2576,13.07,14.3,14.48,13.01,129567,189671302.0,11.2,8.99,1.18,7.85
2014-11-28,2576,14.37,14.44,14.67,13.98,71505,106795551.0,4.83,0.98,0.14,4.33
2014-12-01,2576,14.44,14.5,14.97,14.13,65862,99611525.0,5.82,0.42,0.06,3.99
2014-12-02,2576,14.5,14.96,15.08,14.45,49171,75391028.0,4.34,3.17,0.46,2.98
2014-12-03,2576,14.8,15.08,15.38,14.75,44784,69518249.0,4.21,0.8,0.12,2.71
2014-12-04,2576,15.15,16.64,16.64,15.15,103194,173396487.0,9.88,10.34,1.56,6.25
2014-12-05,2576,16.63,17.29,17.73,15.11,93466,160430462.0,15.75,3.91,0.65,5.66
2014-12-08,2576,17.11,16.48,17.28,15.95,76765,131257284.0,7.69,-4.68,-0.81,4.65
2014-12-09,2576,16.5,15.5,16.85,15.0,70858,114011185.0,11.23,-5.95,-0.98,4.29
2014-12-10,2576,15.04,15.53,15.87,14.67,39713,62659277.0,7.74,0.19,0.03,2.41
2014-12-11,2576,15.37,16.39,16.8,15.37,54457,91260325.0,9.21,5.54,0.86,3.3
2014-12-12,2576,16.41,18.08,18.08,16.15,81426,145953157.0,11.78,10.31,1.69,4.93
2014-12-15,2576,18.08,18.38,18.58,17.23,63101,116657459.0,7.47,1.66,0.3,3.82
2014-12-16,2576,18.16,18.55,19.16,18.01,37910,72251185.0,6.26,0.92,0.17,2.3
2014-12-17,2576,18.5,17.48,19.0,17.41,41085,76960552.0,8.57,-5.77,-1.07,2.49
2014-12-18,2576,17.62,18.17,18.8,17.21,28016,51993416.0,9.1,3.95,0.69,1.7
2014-12-19,2576,17.95,17.56,18.38,16.8,30460,54922873.0,8.7,-3.36,-0.61,1.84
2014-12-22,2576,17.41,16.67,17.66,15.75,40744,70503530.0,10.88,-5.07,-0.89,2.47
2014-12-23,2576,16.88,16.57,17.3,16.04,17027,29242212.0,7.56,-0.6,-0.1,1.03
2014-12-24,2576,16.63,17.44,17.44,16.61,13009,22789865.0,5.01,5.25,0.87,0.79
2014-12-25,2576,17.44,17.9,18.35,17.0,28383,52244485.0,7.74,2.64,0.46,1.72
2014-12-26,2576,17.57,18.01,18.22,17.57,30227,55844646.0,3.63,0.61,0.11,1.83
2014-12-29,2576,17.65,17.92,18.05,17.06,25052,45455201.0,5.5,-0.5,-0.09,1.52
2014-12-30,2576,17.92,18.2,19.0,17.52,46060,87185291.0,8.26,1.56,0.28,2.79
2014-12-31,2576,18.0,18.18,18.4,16.7,61455,110690058.0,9.34,-0.11,-0.02,5.43
2015-01-05,2576,17.9,17.28,17.9,17.0,25944,46260234.0,4.95,-4.95,-0.9,2.29
2015-01-06,2576,17.26,17.05,17.6,16.9,20559,36356927.0,4.05,-1.33,-0.23,1.82
2015-01-07,2576,17.35,17.2,17.35,16.69,19836,34798844.0,3.87,0.88,0.15,1.75
2015-01-08,2576,18.5,17.93,18.88,17.72,62742,117705158.0,6.74,4.24,0.73,5.54
2015-01-09,2576,17.1,17.1,17.64,16.98,30594,54462236.0,3.68,-4.63,-0.83,2.7
2015-01-12,2576,16.71,16.8,17.41,16.5,19276,33640077.0,5.32,-1.75,-0.3,1.7
2015-01-13,2576,16.75,17.39,17.47,16.52,19172,33733937.0,5.65,3.51,0.59,1.69
2015-01-14,2576,17.35,17.65,17.79,17.02,19091,34546581.0,4.43,1.5,0.26,1.69
2015-01-15,2576,17.65,17.55,18.05,17.38,9335,16950193.0,3.8,-0.57,-0.1,0.82
2015-01-16,2576,17.53,17.35,17.85,17.35,9526,17148000.0,2.85,-1.14,-0.2,0.84
2015-01-19,2576,17.0,17.3,17.67,16.5,22076,39585293.0,6.74,-0.29,-0.05,1.95
2015-01-20,2576,17.33,17.53,17.8,17.08,14762,26409857.0,4.16,1.33,0.23,1.3
2015-01-21,2576,17.57,18.5,18.66,17.55,35556,66566346.0,6.33,5.53,0.97,3.14
2015-01-22,2576,18.6,19.2,19.6,18.51,34416,67727568.0,5.89,3.78,0.7,3.04
2015-01-23,2576,19.3,19.05,19.3,18.5,21613,41869259.0,4.17,-0.78,-0.15,1.91
2015-01-26,2576,19.05,19.3,19.48,18.76,29561,57867311.0,3.78,1.31,0.25,2.61
2015-01-27,2576,19.25,18.75,19.25,18.54,15032,29111450.0,3.68,-2.85,-0.55,1.33
2015-01-28,2576,18.56,18.43,18.91,18.43,10330,19798789.0,2.56,-1.71,-0.32,0.91
2015-01-29,2576,18.25,18.33,18.47,17.91,7656,14324656.0,3.04,-0.54,-0.1,0.68
2015-01-30,2576,18.33,17.84,18.51,17.84,5934,11028693.0,3.66,-2.67,-0.49,0.52
2015-02-02,2576,17.98,18.14,18.15,17.32,10309,18887171.0,4.65,1.68,0.3,0.91
2015-02-03,2576,18.23,18.28,18.29,17.71,10073,18723459.0,3.2,0.77,0.14,0.89
2015-02-04,2576,18.3,17.5,18.46,17.38,11056,20440847.0,5.91,-4.27,-0.78,0.98
2015-02-05,2576,17.7,17.45,17.87,17.16,15319,27377158.0,4.06,-0.29,-0.05,1.35
2015-02-06,2576,17.16,17.17,17.37,16.37,13431,23460766.0,5.73,-1.6,-0.28,1.19
2015-02-09,2576,17.11,17.23,17.68,17.11,11706,20996425.0,3.32,0.35,0.06,1.03
2015-02-10,2576,17.23,17.0,17.69,16.68,16604,29034984.0,5.86,-1.33,-0.23,1.47
2015-02-11,2576,16.8,17.57,17.99,16.7,18039,32245645.0,7.59,3.35,0.57,1.59
2015-02-12,2576,17.4,17.5,17.7,17.34,10476,18929465.0,2.05,-0.4,-0.07,0.93
2015-02-13,2576,17.33,17.84,17.87,17.31,13101,23862081.0,3.2,1.94,0.34,1.16
2015-02-16,2576,17.68,17.85,18.1,17.5,9936,18220604.0,3.36,0.06,0.01,0.88
2015-02-17,2576,17.86,18.45,18.8,17.7,14485,26854539.0,6.16,3.36,0.6,1.28
2015-02-25,2576,18.5,18.2,18.51,17.9,12086,22613398.0,3.31,-1.36,-0.25,1.07
2015-02-26,2576,18.38,18.04,18.38,17.8,10443,19289569.0,3.19,-0.88,-0.16,0.92
2015-02-27,2576,18.08,19.89,19.89,17.9,45547,89790894.0,11.03,10.25,1.85,4.03
2015-03-02,2576,19.99,21.08,21.39,19.69,48875,101830289.0,8.55,5.98,1.19,4.32
2015-03-03,2576,20.93,20.65,20.97,20.16,30413,63951648.0,3.84,-2.04,-0.43,2.69
2015-03-04,2576,20.53,20.75,21.38,19.69,29040,61728149.0,8.18,0.48,0.1,2.57
2015-03-05,2576,20.83,20.94,21.7,20.3,23903,51866637.0,6.75,0.92,0.19,2.11
2015-03-06,2576,20.95,21.15,21.3,20.35,21494,45988449.0,4.54,1.0,0.21,1.9
2015-03-09,2576,21.19,21.32,21.65,20.67,28547,62427110.0,4.63,0.8,0.17,2.52
2015-03-10,2576,21.2,20.45,21.37,20.26,27429,58334243.0,5.21,-4.08,-0.87,2.42
2015-03-11,2576,20.35,20.06,20.6,19.25,35039,70848718.0,6.6,-1.91,-0.39,3.1
2015-03-12,2576,19.76,19.7,20.0,19.5,11775,23795928.0,2.49,-1.79,-0.36,1.04
2015-03-13,2576,19.94,20.3,20.48,19.58,17829,36428496.0,4.57,3.05,0.6,1.58
2015-03-16,2576,20.3,20.49,20.68,19.8,33499,69460345.0,4.33,0.94,0.19,2.96
2015-03-17,2576,20.45,20.8,20.8,20.25,28350,59826291.0,2.68,1.51,0.31,2.51
2015-03-18,2576,20.7,21.9,22.0,20.21,41834,89831811.0,8.61,5.29,1.1,3.7
2015-03-19,2576,21.7,23.0,23.55,21.7,54364,127354884.0,8.45,5.02,1.1,4.8
2015-03-20,2576,22.7,23.54,23.75,22.45,39987,95449622.0,5.65,2.35,0.54,3.53
2015-03-23,2576,23.87,25.94,25.94,23.75,58802,147902506.0,9.3,10.2,2.4,5.2
2015-03-24,2576,26.8,27.74,28.05,25.18,96321,266111195.0,11.06,6.94,1.8,8.51
2015-03-25,2576,27.24,26.68,27.64,26.22,55333,150912850.0,5.12,-3.82,-1.06,4.89
2015-03-26,2576,26.69,27.03,27.5,25.55,56226,153357308.0,7.31,1.31,0.35,4.97
2015-03-27,2576,26.51,27.78,27.9,26.02,30984,86152578.0,6.96,2.77,0.75,2.74
2015-03-30,2576,27.79,29.35,29.5,26.79,56959,164694079.0,9.76,5.65,1.57,5.03
2015-03-31,2576,28.7,29.24,29.75,28.7,30070,89486631.0,3.58,-0.37,-0.11,2.66
2015-04-01,2576,29.75,30.15,31.99,29.5,61457,189053305.0,8.52,3.11,0.91,5.43
2015-04-02,2576,30.15,29.69,30.21,28.99,37895,113868324.0,4.05,-1.53,-0.46,3.35
2015-04-03,2576,29.99,31.35,32.46,28.68,60750,190063075.0,12.73,5.59,1.66,5.37
2015-04-07,2576,31.34,31.25,31.9,30.39,48157,150850961.0,4.82,-0.32,-0.1,4.26
2015-04-08,2576,31.08,30.2,31.08,29.41,28058,86518962.0,5.34,-3.36,-1.05,2.48
2015-04-09,2576,28.5,28.61,30.48,27.43,43961,127521862.0,10.1,-5.26,-1.59,3.88
2015-04-10,2576,28.53,29.1,29.49,27.59,48284,138889612.0,6.64,1.71,0.49,4.27
2015-04-13,2576,28.78,31.46,31.78,28.0,75892,228033250.0,12.99,8.11,2.36,6.71
2015-04-14,2576,30.8,33.26,34.6,30.0,72639,242377942.0,14.62,5.72,1.8,6.42
2015-04-15,2576,32.73,31.76,34.37,30.8,43110,139870037.0,10.73,-4.51,-1.5,3.81
2015-04-16,2576,31.19,30.9,32.49,29.08,39067,122703362.0,10.74,-2.71,-0.86,3.45
2015-04-17,2576,31.03,32.2,32.5,29.81,75469,242979771.0,8.71,4.21,1.3,6.67
2015-04-20,2576,31.74,30.6,31.74,29.5,33880,105955089.0,6.96,-4.97,-1.6,2.99
2015-04-21,2576,29.7,31.0,32.46,29.7,42712,136545452.0,9.02,1.31,0.4,3.77
2015-04-22,2576,31.01,32.21,32.7,31.01,56617,184684766.0,5.45,3.9,1.21,5.0
2015-04-23,2576,32.4,32.2,33.47,31.62,50308,167452031.0,5.74,-0.03,-0.01,4.45
2015-04-24,2576,32.2,30.94,32.2,30.0,44172,139371555.0,6.83,-3.91,-1.26,3.9
2015-04-27,2576,31.1,30.0,31.49,28.5,66760,202827215.0,9.66,-3.04,-0.94,5.9
2015-04-28,2576,29.69,28.48,29.94,27.88,77872,226352886.0,6.87,-5.07,-1.52,6.88
2015-04-29,2576,28.2,29.73,31.38,27.7,78141,238010142.0,12.92,4.39,1.25,6.91
2015-04-30,2576,29.6,30.59,31.7,29.5,49422,153398977.0,7.4,2.89,0.86,4.37
2015-05-04,2576,30.5,30.65,31.29,29.91,21051,65277578.0,4.51,0.2,0.06,1.86
2015-05-05,2576,30.8,31.08,31.5,29.41,64815,200451818.0,6.82,1.4,0.43,5.73
2015-05-06,2576,30.71,29.61,30.71,29.15,40636,124355324.0,5.02,-4.73,-1.47,3.59
2015-05-07,2576,28.98,29.11,29.65,28.85,13363,39791268.0,2.7,-1.69,-0.5,1.18
2015-05-08,2576,29.25,29.7,30.3,28.5,26896,80454374.0,6.18,2.03,0.59,2.38
2015-05-11,2576,30.15,32.01,32.2,29.74,60749,193903493.0,8.28,7.78,2.31,5.37
2015-05-12,2576,32.5,35.26,35.26,31.49,94712,324896016.0,11.78,10.15,3.25,8.37
2015-05-13,2576,36.02,33.78,36.02,33.1,71413,248903882.0,8.28,-4.2,-1.48,6.31
2015-05-14,2576,34.02,37.21,37.21,33.78,80540,290152720.0,10.15,10.15,3.43,7.12
2015-05-15,2576,37.3,35.87,37.3,35.0,48932,177880978.0,6.18,-3.6,-1.34,4.32
2015-05-18,2576,35.4,37.7,39.15,35.03,55254,207922849.0,11.49,5.1,1.83,4.88
2015-05-19,2576,38.5,39.55,41.2,38.5,50151,201512644.0,7.16,4.91,1.85,4.43
2015-05-20,2576,39.5,39.87,41.49,38.19,39459,159332809.0,8.34,0.81,0.32,3.49
2015-05-21,2576,39.91,41.29,41.3,38.31,47696,191475700.0,7.5,3.56,1.42,4.22
2015-05-22,2576,41.22,40.65,41.68,39.67,38842,158549477.0,4.87,-1.55,-0.64,3.43
2015-05-25,2576,39.4,42.95,43.3,38.09,89729,370351808.0,12.82,5.66,2.3,7.93
2015-05-26,2576,43.37,43.49,44.34,41.97,49663,218362482.0,5.52,1.26,0.54,4.39
2015-05-27,2576,43.8,42.6,43.85,41.5,40039,172474508.0,5.4,-2.05,-0.89,3.54
2015-05-28,2576,41.83,39.71,43.08,39.38,52072,214957893.0,8.69,-6.78,-2.89,4.6
2015-05-29,2576,39.55,40.65,41.0,36.5,39409,158683531.0,11.33,2.37,0.94,3.48
2015-06-01,2576,40.5,42.9,43.06,39.02,91766,375654048.0,9.94,5.54,2.25,8.11
2015-06-02,2576,42.89,43.45,44.5,42.18,134230,590257600.0,5.41,1.28,0.55,11.86
2015-06-03,2576,43.35,45.87,46.19,42.26,88507,392630208.0,9.04,5.57,2.42,7.82
2015-06-04,2576,45.48,45.98,46.25,41.7,84431,379622432.0,9.92,0.24,0.11,7.46
2015-06-05,2576,45.87,48.0,48.7,45.2,97452,467249344.0,7.61,4.39,2.02,8.61
2015-06-08,2576,48.11,44.5,48.5,43.47,80933,375302224.0,10.48,-7.29,-3.5,7.15
2015-06-09,2576,44.38,42.8,45.55,41.7,37532,164493512.0,8.65,-3.82,-1.7,3.32
2015-06-10,2576,44.82,44.38,44.91,42.47,58400,258875921.0,5.7,3.69,1.58,5.16
2015-06-11,2576,44.0,43.23,44.0,42.81,36736,160732664.0,2.68,-2.59,-1.15,3.25
2015-06-12,2576,43.8,43.9,44.29,42.86,32978,146086857.0,3.31,1.55,0.67,2.91
2015-06-15,2576,44.7,42.41,46.1,42.35,38526,172053791.0,8.54,-3.39,-1.49,3.4
2015-06-16,2576,41.1,38.12,41.1,38.12,46836,184605862.0,7.03,-10.12,-4.29,4.14
2015-06-17,2576,38.1,39.46,39.87,36.5,38208,148983506.0,8.84,3.52,1.34,3.38
2015-06-18,2576,39.8,38.5,40.55,38.3,40312,161177294.0,5.7,-2.43,-0.96,3.56
2015-06-19,2576,37.44,37.36,38.6,35.0,23659,89171951.0,9.35,-2.96,-1.14,2.09
2015-06-23,2576,34.7,38.1,38.49,33.58,36061,132917107.0,13.14,1.98,0.74,3.19
2015-06-24,2576,38.16,39.29,39.98,36.91,55554,218498623.0,8.06,3.12,1.19,4.91
2015-06-25,2576,39.3,38.18,39.3,36.65,22715,88596023.0,6.74,-2.83,-1.11,2.01
2015-06-26,2576,36.8,34.31,36.8,34.31,42426,148781564.0,6.52,-10.14,-3.87,3.75
2015-06-29,2576,34.31,30.83,34.99,30.83,26698,84843540.0,12.12,-10.14,-3.48,2.36
2015-06-30,2576,27.7,29.69,30.99,27.7,76391,223303751.0,10.67,-3.7,-1.14,6.45
2015-07-01,2576,29.6,26.67,30.49,26.67,96566,281627552.0,12.87,-10.17,-3.02,8.15
2015-07-02,2576,24.5,23.95,25.38,23.95,58527,143763270.0,5.36,-10.2,-2.72,4.94
2015-07-03,2576,21.51,21.51,23.04,21.51,63607,140661049.0,6.39,-10.19,-2.44,5.37
2015-07-06,2576,23.46,19.31,23.46,19.31,75472,157402030.0,19.29,-10.23,-2.2,6.37
2015-07-13,2576,21.29,21.29,21.29,20.29,115012,250320707.0,5.18,10.25,1.98,9.7
2015-07-14,2576,23.47,23.47,23.47,22.51,70104,167814017.0,4.51,10.24,2.18,5.91
2015-07-15,2576,23.48,21.07,23.48,21.07,134672,298927408.0,10.27,-10.23,-2.4,11.36
2015-07-16,2576,18.91,22.4,22.6,18.91,182496,383916320.0,17.51,6.31,1.33,15.4
2015-07-17,2576,22.7,24.69,24.69,22.2,168388,413638768.0,11.12,10.22,2.29,14.21
2015-07-20,2576,25.2,26.4,27.21,25.18,139446,371651168.0,8.22,6.93,1.71,11.77
2015-07-21,2576,26.19,26.75,28.0,24.52,81920,225140842.0,13.18,1.33,0.35,6.91
2015-07-22,2576,26.99,26.94,28.03,25.71,59884,164197282.0,8.67,0.71,0.19,5.05
2015-07-23,2576,26.85,28.41,29.63,26.39,86135,244510010.0,12.03,5.46,1.47,7.27
2015-07-24,2576,28.27,29.21,31.25,28.1,103110,311020864.0,11.09,2.82,0.8,8.7
2015-07-27,2576,28.6,26.24,31.0,26.24,88387,261387217.0,16.3,-10.17,-2.97,7.46
2015-07-28,2576,24.3,24.44,26.99,23.57,93552,239427267.0,13.03,-6.86,-1.8,7.89
2015-07-29,2576,25.1,26.93,26.93,24.4,78507,204014546.0,10.35,10.19,2.49,6.62
2015-07-30,2576,28.1,29.67,29.67,26.66,106812,317673856.0,11.18,10.17,2.74,9.01
2015-07-31,2576,29.5,27.9,30.4,26.7,112815,332721728.0,12.47,-5.97,-1.77,9.52
2015-08-03,2576,26.9,25.1,27.69,25.06,54182,142716633.0,9.43,-10.04,-2.8,4.57
2015-08-04,2576,25.6,27.66,27.66,25.28,44286,120204741.0,9.48,10.2,2.56,3.74
2015-08-05,2576,28.39,28.47,30.4,27.4,63095,187547851.0,10.85,2.93,0.81,5.32
2015-08-06,2576,28.33,30.2,30.8,27.31,60427,182743429.0,12.26,6.08,1.73,5.1
2015-08-07,2576,30.2,33.2,33.27,30.2,71434,233758666.0,10.17,9.93,3.0,6.03
2015-08-10,2576,33.35,35.01,35.3,32.3,98648,341222448.0,9.04,5.45,1.81,8.32
2015-08-11,2576,34.1,34.5,35.65,33.01,67323,234934579.0,7.54,-1.46,-0.51,5.68
2015-08-12,2576,34.0,34.0,35.48,32.6,55805,193968957.0,8.35,-1.45,-0.5,4.71
2015-08-13,2576,32.77,34.19,34.48,32.6,39391,134556324.0,5.53,0.56,0.19,3.32
2015-08-14,2576,34.42,34.39,35.5,33.71,58050,204937006.0,5.24,0.58,0.2,4.9
2015-08-17,2576,34.34,33.37,34.4,32.7,36916,125070347.0,4.94,-2.97,-1.02,3.11
2015-08-18,2576,33.46,29.98,33.79,29.98,42932,137075462.0,11.42,-10.16,-3.39,3.62
2015-08-19,2576,27.12,29.71,30.5,26.93,73573,211211848.0,11.91,-0.9,-0.27,6.21
2015-08-20,2576,29.54,26.83,29.54,26.8,39485,113453204.0,9.22,-9.69,-2.88,3.33
2015-08-21,2576,26.62,24.1,26.62,24.1,58037,147183243.0,9.39,-10.18,-2.73,4.9
2015-08-24,2576,21.81,21.64,23.38,21.64,29678,65992813.0,7.22,-10.21,-2.46,2.5
2015-08-25,2576,19.43,19.43,20.25,19.43,52179,104558118.0,3.79,-10.21,-2.21,4.4
2015-08-26,2576,19.4,17.44,20.0,17.44,66351,127352865.0,13.18,-10.24,-1.99,5.6
2015-08-27,2576,17.7,19.0,19.0,16.0,44872,82414204.0,17.2,8.94,1.56,3.79
2015-08-28,2576,19.35,20.88,20.94,18.58,122916,245791525.0,12.42,9.89,1.88,10.37
2015-08-31,2576,20.18,18.74,20.77,18.74,57329,115843274.0,9.72,-10.25,-2.14,4.84
2015-09-01,2576,17.7,16.82,18.1,16.82,35103,61649250.0,6.83,-10.25,-1.92,2.96
2015-09-02,2576,15.09,15.09,17.18,15.09,56282,89552296.0,12.43,-10.29,-1.73,4.75
2015-09-07,2576,15.09,15.04,16.0,14.32,74905,117613006.0,11.13,-0.33,-0.05,6.32
2015-09-08,2576,14.6,15.6,15.8,13.66,64608,97690359.0,14.23,3.72,0.56,5.45
2015-09-09,2576,15.58,16.36,16.62,15.41,75819,125924035.0,7.76,4.87,0.76,6.4
2015-09-10,2576,16.18,16.23,17.0,15.92,65811,111677242.0,6.6,-0.79,-0.13,5.55
2015-09-11,2576,16.0,15.84,16.34,15.3,71569,116720870.0,6.41,-2.4,-0.39,6.04
2015-09-14,2576,15.87,14.21,16.12,14.21,78716,121814380.0,12.06,-10.29,-1.63,6.64
2015-09-15,2576,13.12,13.03,13.6,12.74,65419,88188461.0,6.05,-8.3,-1.18,5.52
2015-09-16,2576,13.05,14.12,14.38,12.41,93277,130485016.0,15.12,8.37,1.09,7.87
2015-09-17,2576,13.84,13.35,14.4,13.3,82604,119584699.0,7.79,-5.45,-0.77,6.97
2015-09-18,2576,13.37,13.29,13.62,12.9,46932,64309303.0,5.39,-0.45,-0.06,3.96
2015-09-21,2576,13.18,14.67,14.67,13.08,64835,95031037.0,11.96,10.38,1.38,5.47
2015-09-22,2576,15.3,15.35,15.76,14.88,119297,189460286.0,6.0,4.64,0.68,10.07
2015-09-23,2576,15.16,14.92,15.45,14.5,73753,114598230.0,6.19,-2.8,-0.43,6.22
2015-09-24,2576,14.93,15.3,15.44,14.78,49251,77085519.0,4.42,2.55,0.38,4.16
2015-09-25,2576,15.27,14.4,15.87,14.11,81783,127961243.0,11.5,-5.88,-0.9,6.9
2015-09-28,2576,14.4,15.5,15.71,13.62,51794,77956002.0,14.51,7.64,1.1,4.37
2015-09-29,2576,14.82,14.95,15.5,14.77,47433,73815678.0,4.71,-3.55,-0.55,4.0
2015-09-30,2576,14.97,15.32,16.14,14.88,86114,136355733.0,8.43,2.47,0.37,7.27
2015-10-08,2576,15.85,16.27,16.4,15.52,86650,142982772.0,5.74,6.2,0.95,7.31
2015-10-09,2576,16.07,16.8,17.15,15.91,114721,193762265.0,7.62,3.26,0.53,9.68
2015-10-12,2576,16.69,17.79,18.35,16.58,83105,149424014.0,10.54,5.89,0.99,7.01
2015-10-13,2576,17.5,18.3,18.4,17.3,80564,148212802.0,6.18,2.87,0.51,6.8
2015-10-14,2576,18.02,17.81,19.0,17.5,75093,141390889.0,8.2,-2.68,-0.49,6.34
2015-10-15,2576,17.71,18.55,18.67,17.35,77237,144658438.0,7.41,4.15,0.74,6.52
2015-10-16,2576,18.66,18.58,18.85,18.06,66010,125194057.0,4.26,0.16,0.03,5.57
2015-10-19,2576,18.5,18.0,18.75,17.5,69475,130102578.0,6.73,-3.12,-0.58,5.86
2015-10-20,2576,18.2,19.03,19.12,17.96,84098,160525079.0,6.44,5.72,1.03,7.1
2015-10-21,2576,19.05,17.08,19.35,17.08,104994,192986335.0,11.93,-10.25,-1.95,8.86
2015-10-22,2576,17.09,17.78,18.02,16.71,71542,128184675.0,7.67,4.1,0.7,6.04
2015-10-23,2576,17.89,18.95,19.2,17.72,98413,186263329.0,8.32,6.58,1.17,8.3
2015-10-26,2576,19.5,19.44,20.05,18.94,78537,157306491.0,5.86,2.59,0.49,6.63
2015-10-27,2576,19.2,20.76,20.97,18.72,85058,171754773.0,11.57,6.79,1.32,7.18
2015-10-28,2576,20.4,19.65,21.21,19.3,84462,178213661.0,9.2,-5.35,-1.11,7.13
2015-10-29,2576,19.65,19.6,20.03,19.11,59569,119605877.0,4.68,-0.25,-0.05,5.03
2015-10-30,2576,19.3,19.09,19.58,18.84,54731,108063004.0,3.78,-2.6,-0.51,4.62
2015-11-02,2576,18.55,17.99,19.04,17.75,84787,158837118.0,6.76,-5.76,-1.1,7.15
2015-11-03,2576,17.95,17.73,18.09,17.32,46121,84212315.0,4.28,-1.45,-0.26,3.89
2015-11-04,2576,17.9,19.55,19.55,17.82,85065,163709310.0,9.76,10.27,1.82,7.18
2015-11-05,2576,19.55,20.39,20.79,19.17,131263,267267274.0,8.29,4.3,0.84,11.07
2015-11-06,2576,19.9,22.0,22.25,19.9,108382,230777624.0,11.53,7.9,1.61,9.14
2015-11-09,2576,21.5,21.91,22.6,21.15,135487,300607360.0,6.59,-0.41,-0.09,11.43
2015-11-10,2576,21.56,21.7,22.15,21.55,80684,179975606.0,2.74,-0.96,-0.21,6.81
2015-11-11,2576,21.8,22.5,22.75,21.66,96152,218132277.0,5.02,3.69,0.8,8.11
2015-11-12,2576,22.75,23.0,23.63,22.32,79885,187823008.0,5.82,2.22,0.5,6.74
2015-11-13,2576,22.5,23.51,24.3,21.5,96564,227536046.0,12.17,2.22,0.51,8.15
2015-11-16,2576,22.5,24.23,24.25,22.49,86347,208452494.0,7.49,3.06,0.72,7.29
2015-11-17,2576,24.42,25.34,26.7,24.41,134890,355059184.0,9.45,4.58,1.11,11.38
2015-11-18,2576,25.37,25.16,26.3,24.5,91399,237561110.0,7.1,-0.71,-0.18,7.71
2015-11-19,2576,24.8,24.99,25.39,23.52,82860,207288152.0,7.43,-0.68,-0.17,6.99
2015-11-20,2576,24.85,25.62,26.17,24.85,64218,168000663.0,5.28,2.52,0.63,5.42
2015-11-23,2576,25.4,25.79,27.09,25.3,69951,187138248.0,6.99,0.66,0.17,5.9
2015-11-24,2576,25.7,27.71,27.88,24.8,87842,231247089.0,11.94,7.44,1.92,7.41
2015-11-25,2576,28.26,29.09,29.3,27.06,121453,349693904.0,8.08,4.98,1.38,10.25
2015-11-26,2576,28.9,28.88,30.48,28.29,102042,302593760.0,7.53,-0.72,-0.21,8.61
2015-11-27,2576,28.88,26.45,29.45,25.94,113579,324506784.0,12.15,-8.41,-2.43,9.58
2015-11-30,2576,26.83,27.05,27.5,24.1,85518,227595913.0,12.85,2.27,0.6,7.22
2015-12-01,2576,26.8,27.46,28.08,26.21,74751,209068053.0,6.91,1.52,0.41,6.31
2015-12-02,2576,27.52,27.27,27.99,25.3,76691,206492135.0,9.8,-0.69,-0.19,6.47
2015-12-03,2576,27.15,27.31,27.39,26.3,70720,193709401.0,4.0,0.15,0.04,5.97
2015-12-04,2576,27.4,28.8,29.39,27.25,144569,418318048.0,7.84,5.46,1.49,12.2
2015-12-07,2576,28.49,28.35,28.6,27.85,66307,189995372.0,2.6,-1.56,-0.45,5.59
2015-12-08,2576,28.35,27.65,28.35,27.17,49927,140287230.0,4.16,-2.47,-0.7,4.21
2015-12-09,2576,27.4,27.32,28.3,26.78,54791,153841896.0,5.5,-1.19,-0.33,4.62
2015-12-10,2576,27.0,27.05,27.55,26.53,34271,94548405.0,3.73,-0.99,-0.27,2.89
2015-12-11,2576,26.8,27.15,27.35,25.51,49411,132860021.0,6.8,0.37,0.1,4.17
2015-12-14,2576,26.66,27.75,27.88,26.52,35143,97152537.0,5.01,2.21,0.6,2.97
2015-12-15,2576,27.69,28.4,28.88,27.58,57870,166278994.0,4.68,2.34,0.65,4.88
2015-12-16,2576,28.08,28.53,29.0,28.08,39904,116111215.0,3.24,0.46,0.13,3.37
2015-12-17,2576,28.7,29.71,29.81,28.1,89866,267473860.0,5.99,4.14,1.18,7.58
2015-12-18,2576,29.5,29.29,29.71,28.63,63496,187871242.0,3.64,-1.41,-0.42,5.36
2015-12-21,2576,29.0,29.47,29.9,28.82,47850,143578085.0,3.69,0.61,0.18,4.04
2015-12-22,2576,29.55,29.41,29.71,29.15,55731,166455665.0,1.9,-0.2,-0.06,4.7
2015-12-23,2576,29.54,29.4,29.87,28.8,51424,153047169.0,3.64,-0.03,-0.01,4.34
2015-12-24,2576,29.3,30.9,31.03,28.98,87811,269978240.0,6.97,5.1,1.5,7.41
2015-12-25,2576,30.5,31.99,32.4,29.77,69305,222736248.0,8.51,3.53,1.09,5.85
2015-12-28,2576,32.2,30.71,32.88,30.6,62714,202489727.0,7.13,-4.0,-1.28,5.29
2015-12-29,2576,30.71,31.0,31.29,29.44,55221,169038054.0,6.02,0.94,0.29,4.66
2015-12-30,2576,31.7,31.97,31.99,30.58,60975,193979301.0,4.55,3.13,0.97,5.14
2015-12-31,2576,31.91,30.99,32.3,29.5,57025,183227280.0,8.76,-3.07,-0.98,4.81
2016-01-04,2576,30.4,27.84,30.51,27.84,46072,133942665.0,8.62,-10.16,-3.15,3.89
2016-01-05,2576,25.01,25.01,26.3,25.01,75398,195617867.0,4.63,-10.17,-2.83,6.36
2016-01-06,2576,25.01,27.29,27.5,23.8,135029,348653712.0,14.79,9.12,2.28,11.39
2016-01-07,2576,26.32,24.51,26.65,24.51,13118,34131163.0,7.84,-10.19,-2.78,1.11
2016-01-08,2576,26.5,22.78,26.5,22.01,133172,322918432.0,18.32,-7.06,-1.73,11.24
2016-01-11,2576,21.45,20.45,21.99,20.45,47470,100692645.0,6.76,-10.23,-2.33,4.01
2016-01-12,2576,18.51,18.98,20.48,18.36,113894,219521343.0,10.37,-7.19,-1.47,9.61
2016-01-13,2576,18.8,17.05,19.5,17.03,77360,148514273.0,13.01,-10.17,-1.93,6.53
2016-01-14,2576,15.73,18.7,18.8,15.73,103298,184575406.0,18.01,9.68,1.65,8.72
2016-01-15,2576,18.19,16.82,19.0,16.78,80690,148388590.0,11.87,-10.05,-1.88,6.81
2016-01-18,2576,16.45,17.46,17.85,16.11,67595,120364740.0,10.34,3.8,0.64,5.7
2016-01-19,2576,17.32,19.17,19.24,17.3,79295,148539155.0,11.11,9.79,1.71,6.69
2016-01-20,2576,18.95,18.94,20.0,18.4,122260,238220023.0,8.35,-1.2,-0.23,10.32
2016-01-21,2576,18.3,17.85,19.19,17.56,75226,143512751.0,8.61,-5.76,-1.09,6.35
2016-01-22,2576,18.1,18.49,18.67,17.53,60334,112353471.0,6.39,3.59,0.64,5.09
2016-01-25,2576,18.78,19.03,19.52,18.35,69420,134518902.0,6.33,2.92,0.54,5.86
2016-01-26,2576,18.68,17.08,18.8,17.08,51157,94543748.0,9.04,-10.25,-1.95,4.32
2016-01-27,2576,17.3,16.68,17.34,15.4,69690,115213609.0,11.36,-2.34,-0.4,5.88
2016-01-28,2576,16.08,15.8,16.64,15.01,47049,77138273.0,9.77,-5.28,-0.88,3.97
2016-01-29,2576,15.5,17.08,17.4,15.15,67424,113283115.0,14.24,8.1,1.28,5.69
2016-02-01,2576,16.88,16.35,17.1,15.85,50981,86659699.0,7.32,-4.27,-0.73,4.3
2016-02-02,2576,16.39,17.08,17.29,16.22,48408,84591342.0,6.54,4.46,0.73,4.08
2016-02-03,2576,16.7,17.08,17.24,16.4,38004,65540842.0,4.92,0.0,0.0,3.21
2016-02-04,2576,17.15,17.8,18.74,17.15,63346,116731827.0,9.31,4.22,0.72,5.34
2016-02-05,2576,17.89,17.7,18.14,17.4,55868,102030419.0,4.16,-0.56,-0.1,4.71
2016-02-15,2576,16.68,17.99,17.99,16.68,38765,69454933.0,7.4,1.64,0.29,3.27
2016-02-16,2576,18.02,19.2,19.2,18.02,83787,161238023.0,6.56,6.73,1.21,7.07
2016-02-17,2576,18.9,20.05,20.35,18.81,90214,179042741.0,8.02,4.43,0.85,7.61
2016-02-18,2576,19.87,19.29,19.88,19.29,75279,151088457.0,2.94,-3.79,-0.76,6.35
2016-02-19,2576,19.19,18.92,19.32,18.75,56132,109392974.0,2.95,-1.92,-0.37,4.74
2016-02-22,2576,19.24,19.35,19.39,18.93,50781,100131963.0,2.43,2.27,0.43,4.28
2016-02-23,2576,19.39,19.12,19.49,18.86,40260,79431086.0,3.26,-1.19,-0.23,3.4
2016-02-24,2576,19.13,19.2,19.36,18.52,43342,84659188.0,4.39,0.42,0.08,3.66
2016-02-25,2576,19.2,17.23,19.26,17.23,52312,96812631.0,10.57,-10.26,-1.97,4.41
2016-02-26,2576,17.25,17.68,17.95,16.45,120922,214431239.0,8.71,2.61,0.45,10.2
2016-02-29,2576,17.3,15.86,17.36,15.86,78625,130828106.0,8.48,-10.29,-1.82,6.63
2016-03-01,2576,15.86,16.15,16.46,15.41,73856,121062322.0,6.62,1.83,0.29,6.23
2016-03-02,2576,16.3,16.95,17.15,16.0,74679,127759724.0,7.12,4.95,0.8,6.3
2016-03-03,2576,17.27,17.08,17.85,17.06,112138,200540606.0,4.66,0.77,0.13,9.46
2016-03-04,2576,17.2,17.11,18.08,16.64,109181,195558034.0,8.43,0.18,0.03,9.21
2016-03-07,2576,17.3,17.53,17.79,17.2,59113,106472770.0,3.45,2.45,0.42,4.99
2016-03-08,2576,17.53,18.2,18.28,16.34,92259,165045728.0,11.07,3.82,0.67,7.78
2016-03-09,2576,17.7,18.3,18.88,17.4,94797,179155278.0,8.13,0.55,0.1,8.0
2016-03-10,2576,18.3,17.78,18.48,17.76,46063,85901115.0,3.93,-2.84,-0.52,3.89
2016-03-11,2576,17.48,18.3,18.3,17.09,52265,95504749.0,6.81,2.92,0.52,4.41
2016-03-14,2576,18.55,18.95,19.49,18.55,76769,150778908.0,5.14,3.55,0.65,6.48
2016-03-15,2576,19.98,19.15,20.48,19.06,119022,240031957.0,7.49,1.06,0.2,10.04
2016-03-16,2576,19.92,19.7,20.3,19.31,109114,222251443.0,5.17,2.87,0.55,9.21
2016-03-17,2576,19.7,20.12,20.3,19.1,113654,230491704.0,6.09,2.13,0.42,9.59
2016-03-18,2576,19.98,20.5,21.4,19.86,121872,257143301.0,7.65,1.89,0.38,10.28
2016-03-21,2576,20.85,21.05,21.07,20.19,109828,232668455.0,4.29,2.68,0.55,9.27
2016-03-22,2576,20.68,21.46,21.77,20.5,102664,223323166.0,6.03,1.95,0.41,8.66
2016-03-23,2576,20.61,21.22,21.39,20.54,95029,203879170.0,3.96,-1.12,-0.24,8.02
2016-03-24,2576,20.99,20.32,21.08,20.3,76415,162127844.0,3.68,-4.24,-0.9,6.45
2016-03-25,2576,20.35,21.9,22.0,20.35,117623,257687903.0,8.12,7.78,1.58,9.92
2016-03-28,2576,22.3,21.9,22.6,21.75,100774,227387106.0,3.88,0.0,0.0,8.5
2016-03-29,2576,21.65,20.66,21.69,20.5,77215,165458042.0,5.43,-5.66,-1.24,6.51
2016-03-30,2576,21.0,21.4,21.49,20.68,54600,117930927.0,3.92,3.58,0.74,4.61
2016-03-31,2576,21.59,21.63,22.49,21.59,77490,173804167.0,4.21,1.07,0.23,6.54
2016-04-01,2576,21.5,21.22,21.7,20.8,55027,119103058.0,4.16,-1.9,-0.41,4.64
2016-04-05,2576,21.0,21.69,21.86,21.0,63382,140079173.0,4.05,2.21,0.47,5.35
2016-04-06,2576,21.57,22.12,22.41,21.5,86825,195168891.0,4.2,1.98,0.43,7.33
2016-04-07,2576,22.2,21.45,22.37,21.42,54597,121064252.0,4.29,-3.03,-0.67,4.61
2016-04-08,2576,21.13,20.92,21.38,20.58,52879,113231087.0,3.73,-2.47,-0.53,4.46
2016-04-11,2576,21.3,22.22,22.35,21.13,92517,207178580.0,5.83,6.21,1.3,7.81
2016-04-12,2576,22.31,23.43,23.89,21.95,126535,298186528.0,8.73,5.45,1.21,10.68
2016-04-13,2576,23.38,23.81,25.19,23.07,112746,278419296.0,9.05,1.62,0.38,9.51
2016-04-14,2576,23.81,24.19,24.78,23.81,62341,154617818.0,4.07,1.6,0.38,5.26
2016-04-15,2576,24.2,24.05,24.7,23.9,43757,108309253.0,3.31,-0.58,-0.14,3.69
2016-05-03,2576,22.06,23.02,23.07,21.85,91009,208697298.0,5.07,-4.28,-1.03,7.68
2016-05-04,2576,22.54,23.81,24.26,22.54,83138,201019888.0,7.47,3.43,0.79,7.01
2016-05-05,2576,23.54,23.51,23.75,23.2,35954,86384424.0,2.31,-1.26,-0.3,3.03
2016-05-06,2576,23.41,21.65,23.91,21.5,76973,177811911.0,10.25,-7.91,-1.86,6.49
2016-05-09,2576,21.1,19.44,21.11,19.44,67452,136312008.0,7.71,-10.21,-2.21,5.69
2016-05-10,2576,18.6,18.65,19.28,18.27,68545,130659725.0,5.2,-4.06,-0.79,5.78
2016-05-11,2576,18.71,17.96,18.77,17.88,48950,91410936.0,4.77,-3.7,-0.69,4.13
2016-05-12,2576,17.5,18.52,18.88,16.8,59093,107429569.0,11.58,3.12,0.56,4.99
2016-05-13,2576,18.33,18.05,18.52,17.65,30562,57028904.0,4.7,-2.54,-0.47,2.58
2016-05-16,2576,18.06,18.67,18.69,17.96,39081,74051770.0,4.04,3.43,0.62,3.3
2016-05-17,2576,18.69,18.5,18.85,18.29,23824,45349572.0,3.0,-0.91,-0.17,2.01
2016-05-18,2576,18.3,17.68,18.5,17.28,29238,53845240.0,6.59,-4.43,-0.82,2.47
2016-05-19,2576,17.8,17.85,18.36,17.72,24417,45397757.0,3.62,0.96,0.17,2.06
2016-05-20,2576,17.84,18.19,18.3,17.5,22166,40844097.0,4.48,1.9,0.34,1.87
2016-05-23,2576,18.25,18.8,18.98,18.2,32291,61846730.0,4.29,3.35,0.61,2.72
2016-05-24,2576,18.82,19.3,19.92,18.29,46707,90962270.0,8.67,2.66,0.5,3.94
2016-05-25,2576,19.31,18.92,19.44,18.82,25339,49710090.0,3.21,-1.97,-0.38,2.14
2016-05-26,2576,19.06,18.85,19.15,17.8,27771,53008289.0,7.14,-0.37,-0.07,2.34
2016-05-27,2576,18.84,18.83,19.06,18.63,19568,37866166.0,2.28,-0.11,-0.02,1.65
2016-05-30,2576,18.62,18.67,19.0,18.36,15394,29577834.0,3.4,-0.85,-0.16,1.3
2016-05-31,2576,18.67,20.23,20.35,18.62,44793,89858338.0,9.27,8.36,1.56,3.78
2016-06-01,2576,20.18,20.26,20.83,20.04,29844,62739576.0,3.91,0.15,0.03,2.52
2016-06-02,2576,20.47,20.66,20.9,20.18,26575,55996948.0,3.55,1.97,0.4,2.24
2016-06-03,2576,20.52,20.42,20.84,20.42,23943,50425107.0,2.03,-1.16,-0.24,2.02
2016-06-06,2576,20.53,20.65,20.81,20.3,23408,49375519.0,2.5,1.13,0.23,1.97
2016-06-07,2576,20.64,20.3,20.64,20.26,27828,58095875.0,1.84,-1.69,-0.35,2.35
2016-06-08,2576,20.4,20.45,20.58,20.19,24133,50424569.0,1.92,0.74,0.15,2.04
2016-06-13,2576,20.11,18.36,20.11,18.36,54445,107728428.0,8.56,-10.22,-2.09,4.59
2016-12-12,2576,20.24,20.24,20.24,20.24,15544,32192286.0,0.0,10.24,1.88,1.31
2016-12-13,2576,21.13,22.31,22.31,20.31,310694,684424880.0,9.88,10.23,2.07,26.14
2016-12-14,2576,22.2,23.25,24.53,21.33,291577,672735248.0,14.34,4.21,0.94,24.53
2016-12-15,2576,22.44,23.33,24.91,21.83,237316,563886704.0,13.25,0.34,0.08,19.97
2016-12-16,2576,22.88,23.03,23.84,22.65,165290,391860464.0,5.1,-1.29,-0.3,13.91
2016-12-19,2576,22.67,22.51,22.71,21.97,103037,235170123.0,3.21,-2.26,-0.52,8.67
2016-12-20,2576,22.32,22.68,23.33,22.3,119249,277610768.0,4.58,0.76,0.17,10.03
2016-12-21,2576,22.61,23.46,23.48,22.23,142554,335428960.0,5.51,3.44,0.78,11.99
2016-12-22,2576,23.48,22.71,23.83,22.65,103990,245888748.0,5.03,-3.2,-0.75,8.75
2016-12-23,2576,22.33,23.29,23.44,21.96,103564,241665331.0,6.52,2.55,0.58,8.71
2016-12-26,2576,22.96,23.72,24.1,22.42,140026,336246816.0,7.21,1.85,0.43,11.78
2016-12-27,2576,23.56,23.74,23.86,23.16,88655,212514311.0,2.95,0.08,0.02,7.46
2016-12-28,2576,23.76,25.41,25.8,23.45,198669,497817456.0,9.9,7.03,1.67,16.72
2016-12-29,2576,24.85,24.41,25.38,24.3,131528,331426352.0,4.25,-3.94,-1.0,11.07
2016-12-30,2576,24.15,23.92,24.64,23.61,85401,208860653.0,4.22,-2.01,-0.49,7.19
2017-01-03,2576,23.92,23.42,24.48,23.34,79696,194052703.0,4.77,-2.09,-0.5,6.71
2017-01-04,2576,23.43,25.04,25.48,23.23,154259,386229392.0,9.61,6.92,1.62,12.98
2017-01-05,2576,24.54,24.79,25.63,24.48,128906,328281264.0,4.59,-1.0,-0.25,10.85
2017-01-06,2576,24.53,24.72,25.47,24.41,103354,263085198.0,4.28,-0.28,-0.07,8.7
2017-01-09,2576,24.68,24.27,24.88,23.83,76653,189184437.0,4.25,-1.82,-0.45,6.45
2017-01-10,2576,24.27,25.22,26.39,24.04,167558,434144592.0,9.68,3.91,0.95,14.1
2017-01-11,2576,25.03,24.51,25.68,24.43,92740,236124740.0,4.96,-2.82,-0.71,7.8
2017-01-12,2576,24.1,23.64,24.83,23.55,70798,174178538.0,5.22,-3.55,-0.87,5.96
2017-01-13,2576,23.48,22.76,24.08,22.76,64789,154828354.0,5.58,-3.72,-0.88,5.45
2017-01-16,2576,22.56,21.43,22.9,20.44,78799,176042891.0,10.81,-5.84,-1.33,6.63
2017-01-17,2576,21.33,21.68,21.95,20.03,71530,154207373.0,8.96,1.17,0.25,6.02
2017-01-18,2576,21.45,21.6,21.9,21.23,37422,82588800.0,3.09,-0.37,-0.08,3.15
2017-01-19,2576,21.33,21.96,22.43,20.98,51597,115365826.0,6.71,1.67,0.36,4.34
2017-01-20,2576,21.83,24.2,24.2,21.83,142054,342656016.0,10.79,10.2,2.24,11.95
2018-01-02,2576,21.73,21.73,21.73,21.73,3291,7302729.0,0.0,-10.21,-2.47,0.24
2018-01-03,2576,19.51,19.51,20.51,19.51,351760,706202848.0,4.6,-10.22,-2.22,25.69
2018-01-04,2576,19.51,19.81,20.58,19.34,279046,565448176.0,6.36,1.54,0.3,20.38
2018-01-05,2576,20.13,20.06,21.84,19.95,232383,491799616.0,9.54,1.26,0.25,16.97
2018-01-08,2576,19.32,19.7,20.94,19.04,205093,421027472.0,9.47,-1.79,-0.36,14.98
2018-01-09,2576,19.6,18.62,20.13,18.62,182690,362186688.0,7.66,-5.48,-1.08,13.34
2018-01-10,2576,17.9,16.73,18.54,16.71,210413,373425744.0,9.83,-10.15,-1.89,15.36
2018-01-11,2576,16.55,16.23,16.69,16.1,123859,208191130.0,3.53,-2.99,-0.5,9.04
2018-01-12,2576,16.2,15.7,16.39,15.63,99963,164347602.0,4.68,-3.27,-0.53,7.3
2018-01-15,2576,15.79,15.31,15.92,15.25,85180,136305170.0,4.27,-2.48,-0.39,6.22
2018-01-16,2576,15.27,15.44,15.64,15.14,67716,107087891.0,3.27,0.85,0.13,4.94
2018-01-17,2576,15.52,15.16,15.62,14.87,70202,109596023.0,4.86,-1.81,-0.28,5.13
2018-01-18,2576,15.19,14.84,15.27,14.8,56083,86741832.0,3.1,-2.11,-0.32,4.1
2018-01-19,2576,14.92,14.95,15.3,14.82,68493,106008235.0,3.23,0.74,0.11,5.0
2018-01-22,2576,15.03,15.34,15.79,14.76,84293,132813107.0,6.89,2.61,0.39,6.16
2018-01-23,2576,15.24,15.52,15.83,15.1,78047,124774212.0,4.76,1.17,0.18,5.7
2018-01-24,2576,15.49,15.48,15.65,15.25,43871,69683581.0,2.58,-0.26,-0.04,3.2
2018-01-25,2576,15.41,15.26,15.5,15.2,48804,76976483.0,1.94,-1.42,-0.22,3.56
2018-01-26,2576,15.24,14.97,15.36,14.95,37580,58703591.0,2.69,-1.9,-0.29,2.74
2018-01-29,2576,14.99,14.04,15.04,13.84,76263,112677338.0,8.02,-6.21,-0.93,5.57
2018-01-30,2576,14.19,13.87,14.2,13.54,41832,60093684.0,4.7,-1.21,-0.17,3.05
2018-01-31,2576,13.76,13.31,13.96,13.14,53789,74598589.0,5.91,-4.04,-0.56,3.93
2018-02-01,2576,13.33,11.93,13.41,11.93,63273,82609353.0,11.12,-10.37,-1.38,4.62
2018-02-02,2576,11.73,11.22,11.74,10.92,65844,77249943.0,6.87,-5.95,-0.71,4.81
2018-02-05,2576,11.02,11.34,11.46,10.67,41156,47866828.0,7.04,1.07,0.12,3.01
2018-02-06,2576,11.06,10.16,11.17,10.16,72266,78657340.0,8.91,-10.41,-1.18,5.28
2018-02-07,2576,10.24,10.32,10.63,9.46,74656,78448693.0,11.52,1.57,0.16,5.45
2018-02-08,2576,10.17,10.67,11.0,10.07,63025,69602893.0,9.01,3.39,0.35,4.6
2018-02-09,2576,10.34,10.26,10.6,10.05,50064,53985738.0,5.15,-3.84,-0.41,3.66
2018-02-12,2576,10.46,10.83,11.33,10.43,67423,76600204.0,8.77,5.56,0.57,4.92
2018-02-13,2576,10.92,10.6,10.98,10.58,47497,53256217.0,3.69,-2.12,-0.23,3.47
2018-02-14,2576,10.6,10.39,10.78,10.32,31566,34521948.0,4.34,-1.98,-0.21,2.31
2018-02-22,2576,10.51,10.72,10.91,10.44,40145,44953994.0,4.52,3.18,0.33,2.93
2018-02-23,2576,10.79,11.06,11.71,10.75,62044,72214709.0,8.96,3.17,0.34,4.53
2018-02-26,2576,10.95,11.28,11.32,10.95,49030,57047721.0,3.35,1.99,0.22,3.58
2018-02-27,2576,11.39,11.71,11.89,11.21,70982,85752535.0,6.03,3.81,0.43,5.18
2018-02-28,2576,11.44,11.54,11.82,11.25,34442,41352131.0,4.87,-1.45,-0.17,2.52
2018-03-01,2576,11.46,11.83,11.92,11.34,40579,49482094.0,5.03,2.51,0.29,2.96
2018-03-02,2576,11.73,11.58,12.0,11.57,35893,43917380.0,3.63,-2.11,-0.25,2.62
2018-03-05,2576,11.54,11.51,11.57,11.31,23343,27801453.0,2.25,-0.6,-0.07,1.7
2018-03-06,2576,11.61,11.73,11.89,11.51,33834,41168301.0,3.3,1.91,0.22,2.47
2018-03-07,2576,11.61,11.68,11.8,11.55,25733,31181830.0,2.13,-0.43,-0.05,1.88
2018-03-08,2576,11.71,12.07,12.21,11.54,53815,66295014.0,5.74,3.34,0.39,3.93
2018-03-09,2576,12.04,12.37,12.52,11.93,62987,80027667.0,4.89,2.49,0.3,4.6
2018-03-12,2576,12.38,13.0,13.13,12.27,74157,97555328.0,6.95,5.09,0.63,5.42
2018-03-13,2576,12.97,12.77,13.34,12.71,63400,85469484.0,4.85,-1.77,-0.23,4.63
2018-03-14,2576,12.72,12.44,12.72,12.44,39989,52061023.0,2.19,-2.58,-0.33,2.92
2018-03-15,2576,12.47,12.62,12.82,12.19,44749,58144444.0,5.06,1.45,0.18,3.27
2018-03-16,2576,12.72,12.42,12.77,12.41,27861,36268943.0,2.85,-1.58,-0.2,2.03
2018-03-19,2576,12.24,12.62,12.79,12.18,34501,44644870.0,4.91,1.61,0.2,2.52
2018-03-20,2576,12.54,12.53,12.67,12.21,26700,34496476.0,3.65,-0.71,-0.09,1.95
2018-03-21,2576,12.46,12.21,12.72,12.14,43290,55926997.0,4.63,-2.55,-0.32,3.16
2018-03-22,2576,12.28,12.31,12.49,12.1,39247,49977285.0,3.19,0.82,0.1,2.87
2018-03-23,2576,11.84,11.31,12.04,11.04,60245,73043548.0,8.12,-8.12,-1.0,4.4
2018-03-26,2576,10.92,11.75,11.83,10.66,33597,39606351.0,10.34,3.89,0.44,2.45
2018-03-27,2576,11.96,12.49,12.54,11.8,58953,74639304.0,6.3,6.3,0.74,4.3
2018-03-28,2576,12.22,12.31,13.0,12.19,53374,69281980.0,6.49,-1.44,-0.18,3.9
2018-03-29,2576,12.36,12.78,12.89,12.28,50678,66355962.0,4.96,3.82,0.47,3.7
2018-03-30,2576,12.79,12.78,12.99,12.64,38810,51419098.0,2.74,0.0,0.0,2.83
2018-04-02,2576,12.74,12.88,13.09,12.46,53109,70448833.0,4.93,0.78,0.1,3.88
2018-04-03,2576,12.44,12.56,12.74,12.42,31093,40494890.0,2.48,-2.48,-0.32,2.27
2018-04-04,2576,12.67,12.8,12.96,12.59,35764,47387801.0,2.95,1.91,0.24,2.61
2018-04-09,2576,12.74,13.02,13.3,12.67,54225,73342450.0,4.92,1.72,0.22,3.96
2018-04-10,2576,12.94,13.83,14.06,12.73,116690,163331534.0,10.22,6.22,0.81,8.52
2018-04-11,2576,13.54,13.63,13.87,13.36,78147,109499910.0,3.69,-1.45,-0.2,5.71
2018-04-12,2576,13.59,14.12,14.29,13.49,83918,120163247.0,5.87,3.6,0.49,6.13
2018-04-13,2576,15.19,14.37,15.4,14.31,260856,400758912.0,7.72,1.77,0.25,19.05
2018-04-16,2576,13.52,12.92,13.52,12.89,120103,162312679.0,4.38,-10.09,-1.45,8.77
2018-04-17,2576,12.87,12.04,12.92,11.93,75493,97460699.0,7.66,-6.81,-0.88,5.51
2018-04-18,2576,12.09,12.23,12.3,11.66,50382,63301673.0,5.32,1.58,0.19,3.68
2018-04-19,2576,12.22,12.07,12.42,12.04,41730,52949637.0,3.11,-1.31,-0.16,3.05
2018-04-20,2576,11.92,11.51,12.13,11.34,46381,56351392.0,6.55,-4.64,-0.56,3.39
2018-04-23,2576,11.51,11.44,11.65,11.25,27075,32190922.0,3.48,-0.61,-0.07,1.98
2018-04-24,2576,11.43,11.95,12.03,11.35,43309,52554415.0,5.94,4.46,0.51,3.16
2018-04-25,2576,11.84,11.9,12.09,11.84,34239,42472420.0,2.09,-0.42,-0.05,2.5
2018-04-26,2576,12.09,11.52,12.09,11.52,23687,28864855.0,4.79,-3.19,-0.38,1.73
2018-04-27,2576,11.49,11.31,11.64,11.19,22964,27184118.0,3.91,-1.82,-0.21,1.68
2018-05-02,2576,11.29,10.97,11.36,10.86,23556,27177285.0,4.42,-3.01,-0.34,1.72
2018-05-03,2576,10.92,10.89,10.93,10.46,34117,38031601.0,4.28,-0.73,-0.08,2.49
2018-05-04,2576,10.93,11.06,11.14,10.83,26766,30742149.0,2.85,1.56,0.17,1.95
2018-05-07,2576,11.09,11.16,11.34,11.09,21194,24723025.0,2.26,0.9,0.1,1.55
2018-05-08,2576,11.14,11.49,11.52,11.12,29524,34848087.0,3.58,2.96,0.33,2.16
2018-05-09,2576,11.94,11.74,12.12,11.6,51420,63491323.0,4.53,2.18,0.25,3.75
2018-05-10,2576,11.62,11.89,11.99,11.62,31059,38183146.0,3.15,1.28,0.15,2.27
2018-05-11,2576,11.88,11.36,11.92,11.34,30594,36844938.0,4.88,-4.46,-0.53,2.23
2018-05-14,2576,11.37,11.16,11.43,10.84,29939,34703496.0,5.19,-1.76,-0.2,2.19
2018-05-15,2576,11.15,11.25,11.4,11.01,23922,27917637.0,3.49,0.81,0.09,1.75
2018-05-16,2576,11.21,11.15,11.35,11.05,22890,26736396.0,2.67,-0.89,-0.1,1.67
2018-05-17,2576,11.19,11.08,11.24,11.01,21874,25295976.0,2.06,-0.63,-0.07,1.6
2018-05-18,2576,11.13,11.57,11.59,10.99,38025,44749811.0,5.42,4.42,0.49,2.78
2018-05-21,2576,11.59,11.59,11.73,11.43,36664,44179742.0,2.59,0.17,0.02,2.68
2018-05-22,2576,11.59,11.68,11.74,11.41,30480,36636870.0,2.85,0.78,0.09,2.23
2018-05-23,2576,11.7,11.72,12.04,11.68,54310,66962964.0,3.08,0.34,0.04,3.97
2018-05-24,2576,11.74,11.6,11.81,11.59,25351,30742544.0,1.88,-1.02,-0.12,1.85
2018-05-25,2576,11.64,11.53,11.67,11.42,24739,29639237.0,2.16,-0.6,-0.07,1.81
2018-05-28,2576,11.64,11.05,11.68,11.05,28976,34085449.0,5.46,-4.16,-0.48,2.12
2018-05-29,2576,11.05,10.84,11.06,10.81,22444,25580391.0,2.26,-1.9,-0.21,1.64
2018-05-30,2576,10.72,9.75,10.72,9.71,33355,35640073.0,9.32,-10.06,-1.09,2.44
2018-05-31,2576,9.94,10.11,10.2,9.83,20572,21570075.0,3.79,3.69,0.36,1.5
2018-06-01,2576,10.09,10.44,10.53,9.96,24266,25966820.0,5.64,3.26,0.33,1.77
2018-06-04,2576,10.45,10.14,10.55,10.1,18182,19472292.0,4.31,-2.87,-0.3,1.33
2018-06-05,2576,10.18,10.36,10.42,10.13,15078,16178733.0,2.86,2.17,0.22,1.1
2018-06-06,2576,10.37,10.41,10.56,10.27,16389,17812339.0,2.8,0.48,0.05,1.2
2018-06-07,2576,10.35,10.08,10.45,10.05,16332,17393083.0,3.84,-3.17,-0.33,1.19
2018-06-08,2576,10.07,10.35,10.41,10.07,24541,26278776.0,3.37,2.68,0.27,1.79
2018-06-11,2576,10.31,9.97,10.31,9.93,22822,23926183.0,3.67,-3.67,-0.38,1.67
2018-06-12,2576,9.97,9.95,10.07,9.68,19040,19673893.0,3.91,-0.2,-0.02,1.39
2018-06-13,2576,9.94,9.63,9.96,9.57,16026,16326306.0,3.92,-3.22,-0.32,1.17
2018-06-14,2576,9.61,9.55,9.8,9.5,12231,12343772.0,3.12,-0.83,-0.08,0.89
2018-06-15,2576,9.61,9.23,9.65,9.19,18663,18363369.0,4.82,-3.35,-0.32,1.36
2018-06-19,2576,9.55,8.44,9.55,8.26,32005,30130213.0,13.98,-8.56,-0.79,2.34
2018-06-20,2576,8.36,8.47,8.59,8.18,24440,21667788.0,4.86,0.36,0.03,1.78
2018-06-21,2576,8.45,8.06,8.55,7.98,19369,16942459.0,6.73,-4.84,-0.41,1.41
2018-06-22,2576,8.07,8.23,8.32,7.8,18506,15937474.0,6.45,2.11,0.17,1.35
2018-06-25,2576,8.34,8.28,8.53,8.22,23549,20834879.0,3.77,0.61,0.05,1.72
2018-06-26,2576,8.04,8.58,8.63,8.04,23876,21147523.0,7.13,3.62,0.3,1.74
2018-06-27,2576,9.02,8.77,9.35,8.63,43790,41204540.0,8.39,2.21,0.19,3.2
2018-06-28,2576,8.63,8.37,8.68,8.36,25496,22880131.0,3.65,-4.56,-0.4,1.86
2018-06-29,2576,8.38,8.62,8.73,8.36,22570,20337619.0,4.42,2.99,0.25,1.65
2018-07-02,2576,8.6,8.69,9.0,8.58,28504,26190032.0,4.87,0.81,0.07,1.97
2018-07-03,2576,8.76,8.91,9.0,8.6,28330,26205673.0,4.6,2.53,0.22,1.96
2018-07-04,2576,8.85,8.69,8.91,8.61,17487,16106835.0,3.37,-2.47,-0.22,1.21
2018-07-05,2576,8.74,8.45,8.93,8.43,19168,17523431.0,5.75,-2.76,-0.24,1.33
2018-07-06,2576,8.49,8.64,8.8,8.26,19460,17580009.0,6.39,2.25,0.19,1.35
2018-07-09,2576,8.63,8.91,9.0,8.62,22987,21360503.0,4.4,3.13,0.27,1.59
2018-07-10,2576,8.93,9.01,9.05,8.85,26446,24872610.0,2.24,1.12,0.1,1.83
2018-07-11,2576,8.93,8.55,8.93,8.43,24061,21832500.0,5.55,-5.11,-0.46,1.66
2018-07-12,2576,8.55,9.45,9.45,8.36,109976,107966601.0,12.75,10.53,0.9,7.61
2018-07-13,2576,9.52,9.41,9.65,9.25,80511,79452344.0,4.23,-0.42,-0.04,5.57
2018-07-16,2576,9.25,9.4,9.54,9.16,48053,47042349.0,4.04,-0.11,-0.01,3.32
2018-07-17,2576,9.38,9.26,9.4,9.18,26438,25707675.0,2.34,-1.49,-0.14,1.83
2018-07-18,2576,9.26,8.95,9.38,8.88,28904,27675996.0,5.4,-3.35,-0.31,2.0
2018-07-19,2576,8.95,8.72,9.08,8.65,22911,21295982.0,4.8,-2.57,-0.23,1.58
2018-07-20,2576,8.67,8.86,9.0,8.67,22157,20641781.0,3.78,1.61,0.14,1.53
2018-07-23,2576,9.05,9.79,9.79,8.97,39480,39806027.0,9.26,10.5,0.93,2.73
2018-07-24,2576,10.55,10.1,10.81,10.1,151824,165299088.0,7.25,3.17,0.31,10.5
2018-07-25,2576,9.84,9.77,10.04,9.67,84647,87163794.0,3.66,-3.27,-0.33,5.85
2018-07-26,2576,9.7,9.81,9.95,9.61,54159,55488888.0,3.48,0.41,0.04,3.75
2018-07-27,2576,9.74,9.57,9.91,9.56,33491,33946862.0,3.57,-2.45,-0.24,2.32
2018-07-30,2576,9.48,9.73,9.81,9.37,35276,35735187.0,4.6,1.67,0.16,2.44
2018-07-31,2576,9.78,9.6,9.78,9.47,21749,21800969.0,3.19,-1.34,-0.13,1.5
2018-08-01,2576,9.65,9.3,9.65,9.25,24060,23752852.0,4.17,-3.13,-0.3,1.66
2018-08-02,2576,9.31,8.72,9.34,8.33,33663,30867757.0,10.86,-6.24,-0.58,2.33
2018-08-03,2576,8.71,8.65,8.78,8.51,16749,15289173.0,3.1,-0.8,-0.07,1.16
2018-08-06,2576,8.67,8.33,8.67,8.15,18832,16647483.0,6.01,-3.7,-0.32,1.3
2018-08-07,2576,8.38,8.6,8.63,8.28,23613,21075844.0,4.2,3.24,0.27,1.63
2018-08-08,2576,8.58,8.43,8.64,8.36,16113,14397231.0,3.26,-1.98,-0.17,1.11
2018-08-09,2576,8.46,8.65,8.78,8.29,18320,16625693.0,5.81,2.61,0.22,1.27
2018-08-10,2576,8.7,8.65,8.7,8.58,13410,12194135.0,1.39,0.0,0.0,0.93
2018-08-13,2576,8.53,8.66,8.66,8.35,15157,13579335.0,3.58,0.12,0.01,1.05
2018-08-14,2576,8.73,8.74,8.95,8.65,19439,17890117.0,3.46,0.92,0.08,1.34
2018-08-15,2576,8.73,8.53,8.79,8.46,13015,11776688.0,3.78,-2.4,-0.21,0.9
2018-08-16,2576,8.37,8.47,8.51,8.26,11846,10492101.0,2.93,-0.7,-0.06,0.82
2018-08-17,2576,8.55,8.23,8.7,8.2,12351,10903846.0,5.9,-2.83,-0.24,0.85
2018-08-20,2576,8.29,8.24,8.33,8.04,11214,9661497.0,3.52,0.12,0.01,0.78
2018-08-21,2576,8.38,8.48,8.64,8.35,21723,19443033.0,3.52,2.91,0.24,1.5
2018-08-22,2576,8.42,8.29,8.42,8.18,11431,10016605.0,2.83,-2.24,-0.19,0.79
2018-08-23,2576,8.35,8.24,8.47,8.24,21320,18756159.0,2.77,-0.6,-0.05,1.47
2018-08-24,2576,8.23,8.19,8.32,8.08,15572,13394252.0,2.91,-0.61,-0.05,1.08
2018-08-27,2576,8.19,8.4,8.42,8.19,18069,15854439.0,2.81,2.56,0.21,1.25
2018-08-28,2576,8.41,8.44,8.45,8.32,13434,11908176.0,1.55,0.48,0.04,0.93
2018-08-29,2576,8.45,8.52,8.52,8.4,16246,14483847.0,1.42,0.95,0.08,1.12
2018-08-30,2576,8.52,8.36,8.69,8.31,17250,15471121.0,4.46,-1.88,-0.16,1.19
2018-08-31,2576,8.4,8.23,8.4,8.22,11758,10259519.0,2.15,-1.56,-0.13,0.81
2018-09-03,2576,8.23,8.08,8.23,7.92,15255,12926065.0,3.77,-1.82,-0.15,1.06
2018-09-04,2576,8.06,8.39,8.41,8.02,26476,23057074.0,4.83,3.84,0.31,1.83
2018-09-05,2576,8.42,8.37,8.64,8.32,26630,23793677.0,3.81,-0.24,-0.02,1.84
2018-09-06,2576,8.32,8.41,8.45,8.16,17773,15671874.0,3.46,0.48,0.04,1.23
2018-09-07,2576,8.35,8.58,8.6,8.35,24657,22107409.0,2.97,2.02,0.17,1.71
2018-09-10,2576,8.65,8.37,8.72,8.35,22338,19990969.0,4.31,-2.45,-0.21,1.54
2018-09-11,2576,8.42,8.59,8.64,8.33,26433,23744911.0,3.7,2.63,0.22,1.83
2018-09-12,2576,8.51,8.84,9.15,8.45,46909,43288955.0,8.15,2.91,0.25,3.24
2018-09-13,2576,8.82,8.99,9.04,8.65,40417,37461743.0,4.41,1.7,0.15,2.8
2018-09-14,2576,8.93,9.21,9.23,8.83,59334,56232816.0,4.45,2.45,0.22,4.1
2018-09-17,2576,9.25,9.06,9.48,9.02,48977,47371320.0,4.99,-1.63,-0.15,3.39
2018-09-18,2576,8.86,8.94,9.04,8.68,39261,36528225.0,3.97,-1.32,-0.12,2.72
2018-09-19,2576,8.88,8.92,9.11,8.75,32860,30822105.0,4.03,-0.22,-0.02,2.27
2018-09-20,2576,8.87,8.85,8.93,8.77,20600,19149627.0,1.79,-0.78,-0.07,1.42
2018-09-21,2576,8.82,8.9,8.92,8.79,20167,18799250.0,1.47,0.56,0.05,1.39
2018-09-25,2576,8.85,8.89,9.06,8.83,14817,13889862.0,2.58,-0.11,-0.01,1.02
2018-09-26,2576,8.81,8.79,8.89,8.71,15347,14186289.0,2.02,-1.12,-0.1,1.06
2018-09-27,2576,8.76,8.34,8.81,8.31,22504,20391105.0,5.69,-5.12,-0.45,1.56
2018-09-28,2576,8.37,8.49,8.53,8.37,11841,10558034.0,1.92,1.8,0.15,0.82
2018-10-08,2576,8.41,8.4,8.44,8.28,22174,19534428.0,1.88,-1.06,-0.09,1.53
2018-10-09,2576,8.42,8.32,8.5,8.25,18390,16199036.0,2.98,-0.95,-0.08,1.27
2018-10-10,2576,8.34,8.44,8.44,8.24,19440,17084523.0,2.4,1.44,0.12,1.34
2018-10-11,2576,8.28,7.6,8.28,7.55,38497,31797746.0,8.65,-9.95,-0.84,2.66
2018-10-12,2576,7.32,7.42,7.59,7.11,20490,15989140.0,6.32,-2.37,-0.18,1.42
2018-10-15,2576,7.5,7.38,7.62,7.36,11949,9485150.0,3.5,-0.54,-0.04,0.83
2018-10-16,2576,7.45,7.43,7.64,7.38,17468,13915208.0,3.52,0.68,0.05,1.21
2018-10-17,2576,7.66,7.56,7.69,7.33,15401,12297581.0,4.85,1.75,0.13,1.07
2018-10-18,2576,7.49,7.26,7.53,7.25,13823,10760246.0,3.7,-3.97,-0.3,0.96
2018-10-19,2576,7.13,7.39,7.41,7.08,14049,10892231.0,4.55,1.79,0.13,0.97
2018-10-22,2576,8.11,7.79,8.11,7.56,29630,24475524.0,7.44,5.41,0.4,2.05
2018-10-23,2576,7.81,8.61,8.61,7.77,39771,35488925.0,10.78,10.53,0.82,2.75
2018-10-24,2576,8.75,9.0,9.09,8.43,133607,123834164.0,7.67,4.53,0.39,9.24
2018-10-25,2576,8.65,8.67,8.81,8.08,69147,61863255.0,8.11,-3.67,-0.33,4.78
2018-10-26,2576,8.68,8.35,8.75,8.35,40351,36151388.0,4.61,-3.69,-0.32,2.79
2018-10-29,2576,8.3,8.35,8.37,8.1,30552,26509318.0,3.23,0.0,0.0,2.11
2018-10-30,2576,8.2,8.53,8.6,8.16,41057,36559307.0,5.27,2.16,0.18,2.84
2018-10-31,2576,8.53,8.65,8.74,8.47,45033,40951618.0,3.17,1.41,0.12,3.11
2018-11-01,2576,8.63,8.62,8.73,8.6,38686,35267355.0,1.5,-0.35,-0.03,2.68
2018-11-02,2576,8.7,8.89,8.94,8.65,49479,45926296.0,3.36,3.13,0.27,3.42
2018-11-05,2576,8.9,9.01,9.23,8.8,65443,61950378.0,4.84,1.35,0.12,4.53
2018-11-06,2576,8.81,8.79,8.94,8.64,40300,37038582.0,3.33,-2.44,-0.22,2.79
2018-11-07,2576,8.77,8.67,8.9,8.67,25120,23215197.0,2.62,-1.37,-0.12,1.74
2018-11-08,2576,8.74,8.77,8.95,8.68,30199,28019452.0,3.11,1.15,0.1,2.09
2018-11-09,2576,8.72,9.18,9.48,8.56,56039,53482998.0,10.49,4.68,0.41,3.88
2018-11-12,2576,9.08,9.6,9.75,9.05,64890,64015740.0,7.63,4.58,0.42,4.49
2018-11-13,2576,9.43,9.51,9.74,9.38,71680,71662617.0,3.75,-0.94,-0.09,4.96
2018-11-14,2576,9.54,9.58,9.67,9.41,40721,40701126.0,2.73,0.74,0.07,2.82
2018-11-15,2576,9.7,9.71,9.74,9.53,40783,41133627.0,2.19,1.36,0.13,2.82
2018-11-16,2576,9.7,9.6,9.7,9.5,38825,38998624.0,2.06,-1.13,-0.11,2.69
2018-11-19,2576,9.64,10.0,10.03,9.57,53119,54350473.0,4.79,4.17,0.4,3.67
2018-11-20,2576,9.85,9.37,10.0,9.34,48869,49445556.0,6.6,-6.3,-0.63,3.38
2018-11-21,2576,9.25,9.88,9.93,9.13,54373,54768517.0,8.54,5.44,0.51,3.76
2018-11-22,2576,9.87,10.07,10.1,9.71,59465,61818686.0,3.95,1.92,0.19,4.11
2018-11-23,2576,10.08,9.48,10.15,9.25,56988,57575671.0,8.94,-5.86,-0.59,3.94
2018-11-26,2576,9.51,9.11,9.65,9.05,32395,31620681.0,6.33,-3.9,-0.37,2.24
2018-11-27,2576,9.22,9.42,9.45,9.21,26090,25547810.0,2.63,3.4,0.31,1.8
2018-11-28,2576,9.42,9.4,9.42,9.1,17429,16975738.0,3.4,-0.21,-0.02,1.21
2018-11-29,2576,9.45,9.54,9.93,9.41,46114,46639630.0,5.53,1.49,0.14,3.19
2018-11-30,2576,9.35,9.45,9.54,9.15,26683,25997549.0,4.09,-0.94,-0.09,1.85
2018-12-03,2576,9.72,9.75,9.8,9.55,36487,37060111.0,2.65,3.17,0.3,2.52
2018-12-04,2576,9.73,9.85,9.98,9.63,32761,33709602.0,3.59,1.03,0.1,2.27
2018-12-05,2576,9.66,9.72,9.76,9.55,18706,18942337.0,2.13,-1.32,-0.13,1.29
2018-12-06,2576,9.69,9.45,9.7,9.43,20766,20711948.0,2.78,-2.78,-0.27,1.44
2018-12-07,2576,9.47,9.86,10.05,9.47,45314,46653087.0,6.14,4.34,0.41,3.13
2018-12-10,2576,9.69,10.05,10.05,9.68,44690,46378658.0,3.75,1.93,0.19,3.09
2018-12-11,2576,10.01,10.04,10.15,9.87,32771,34191865.0,2.79,-0.1,-0.01,2.27
2018-12-12,2576,10.13,10.6,10.65,9.95,70545,76353945.0,6.97,5.58,0.56,4.88
2018-12-13,2576,10.54,11.0,11.02,10.3,78132,86637768.0,6.79,3.77,0.4,5.4
2018-12-14,2576,10.8,10.44,10.98,10.41,57751,64560120.0,5.18,-5.09,-0.56,3.99
2018-12-17,2576,10.27,10.45,10.64,10.18,38932,42222048.0,4.41,0.1,0.01,2.69
2018-12-18,2576,10.33,9.89,10.43,9.85,43184,45306983.0,5.55,-5.36,-0.56,2.99
2018-12-19,2576,9.94,9.71,10.02,9.67,25680,26274486.0,3.54,-1.82,-0.18,1.78
2018-12-20,2576,9.64,9.77,9.92,9.64,21070,21558118.0,2.88,0.62,0.06,1.46
2018-12-21,2576,9.75,9.85,9.91,9.65,16378,16777609.0,2.66,0.82,0.08,1.13
2018-12-24,2576,9.77,9.84,10.05,9.71,18912,19590580.0,3.45,-0.1,-0.01,1.31
2018-12-25,2576,9.7,9.46,9.7,9.1,30041,29367781.0,6.1,-3.86,-0.38,2.08
2018-12-26,2576,9.45,9.63,9.73,9.37,20629,20776128.0,3.81,1.8,0.17,1.43
2018-12-27,2576,9.9,9.22,9.9,9.19,18885,18859774.0,7.37,-4.26,-0.41,1.31
2018-12-28,2576,9.46,9.58,9.76,9.28,17858,17767797.0,5.21,3.9,0.36,1.24
2019-01-02,2576,9.71,10.2,10.2,9.58,33158,34353227.0,6.47,6.47,0.62,2.02
2019-01-03,2576,10.12,10.33,10.75,10.02,48551,52524308.0,7.16,1.27,0.13,2.95
2019-01-04,2576,10.16,11.0,11.41,10.08,89076,101243878.0,12.88,6.49,0.67,5.42
2019-01-07,2576,10.94,11.41,11.53,10.78,91158,105091624.0,6.82,3.73,0.41,5.54
2019-01-08,2576,11.15,10.88,11.25,10.75,60008,68658372.0,4.38,-4.65,-0.53,3.65
2019-01-09,2576,10.84,10.75,10.97,10.68,39731,44793506.0,2.67,-1.19,-0.13,2.42
2019-01-10,2576,10.7,10.69,10.93,10.65,25754,28923906.0,2.6,-0.56,-0.06,1.57
2019-01-11,2576,10.83,10.84,10.9,10.66,26502,29769648.0,2.25,1.4,0.15,1.61
2019-01-14,2576,10.84,10.58,10.9,10.39,26013,28659842.0,4.7,-2.4,-0.26,1.58
2019-01-15,2576,10.51,10.66,10.7,10.44,17630,19490929.0,2.46,0.76,0.08,1.07
2019-01-16,2576,10.69,11.11,11.2,10.66,50444,57851171.0,5.07,4.22,0.45,3.07
2019-01-17,2576,11.05,10.58,11.06,10.55,37768,42275562.0,4.59,-4.77,-0.53,2.3
2019-01-18,2576,10.58,10.77,10.81,10.29,29818,32854462.0,4.91,1.8,0.19,1.81
2019-01-21,2576,10.79,10.9,11.34,10.79,25234,28639305.0,5.11,1.21,0.13,1.53
2019-01-22,2576,10.91,10.92,11.23,10.91,35281,40466436.0,2.94,0.18,0.02,2.15
2019-01-23,2576,10.93,10.81,10.97,10.69,16053,18132045.0,2.56,-1.01,-0.11,0.98
2019-01-24,2576,10.82,11.23,11.31,10.68,39780,45997802.0,5.83,3.89,0.42,2.42
2019-01-25,2576,11.21,11.2,11.33,11.01,31001,35899362.0,2.85,-0.27,-0.03,1.89
2019-01-28,2576,11.21,12.06,12.33,11.21,86581,107169229.0,10.0,7.68,0.86,5.27
2019-01-29,2576,11.95,11.71,12.06,11.35,55366,66935894.0,5.89,-2.9,-0.35,3.37
2019-01-30,2576,11.57,10.49,11.98,10.49,67440,78158287.0,12.72,-10.42,-1.22,4.1
2019-01-31,2576,9.65,9.65,10.25,9.4,58802,60342929.0,8.1,-8.01,-0.84,3.58
2019-02-01,2576,9.66,9.95,10.14,9.66,25074,25953756.0,4.97,3.11,0.3,1.53
2019-02-11,2576,10.02,10.45,10.48,10.02,24035,25852361.0,4.62,5.03,0.5,1.46
2019-02-12,2576,10.65,10.87,11.09,10.56,38879,43956993.0,5.07,4.02,0.42,2.36
2019-02-13,2576,11.15,10.98,11.2,10.85,29609,33821282.0,3.22,1.01,0.11,1.8
2019-02-14,2576,11.16,10.83,11.19,10.64,35497,40080365.0,5.01,-1.37,-0.15,2.16
2019-02-15,2576,10.95,10.73,11.0,10.69,27130,30640477.0,2.86,-0.92,-0.1,1.65
2019-02-18,2576,10.77,11.16,11.23,10.73,36165,41466066.0,4.66,4.01,0.43,2.2
2019-02-19,2576,11.16,10.86,11.54,10.71,68766,79339173.0,7.44,-2.69,-0.3,4.18
2019-02-20,2576,11.08,10.83,11.1,10.76,42337,48084798.0,3.13,-0.28,-0.03,2.58
2019-02-21,2576,10.85,11.01,11.21,10.82,61180,70308892.0,3.6,1.66,0.18,3.72
2019-02-22,2576,10.88,10.91,10.97,10.66,45355,51071120.0,2.82,-0.91,-0.1,2.76
2019-02-25,2576,10.95,11.51,11.61,10.92,87668,103347476.0,6.32,5.5,0.6,5.33
2019-02-26,2576,11.67,11.33,11.67,11.26,73952,87645989.0,3.56,-1.56,-0.18,4.5
2019-02-27,2576,11.35,11.61,12.09,11.35,100933,122582654.0,6.53,2.47,0.28,6.14
2019-02-28,2576,11.65,11.79,11.85,11.45,54291,65443449.0,3.45,1.55,0.18,3.3
2019-03-01,2576,11.78,11.64,11.79,11.5,43944,53080307.0,2.46,-1.27,-0.15,2.67
2019-03-04,2576,11.65,11.61,11.82,11.55,60190,72998544.0,2.32,-0.26,-0.03,3.66
2019-03-05,2576,11.56,11.85,11.85,11.46,64933,78345218.0,3.36,2.07,0.24,3.95
2019-03-06,2576,12.25,11.86,12.25,11.66,66567,82106708.0,4.98,0.08,0.01,4.05
2019-03-07,2576,11.85,11.93,12.08,11.59,91496,112096575.0,4.13,0.59,0.07,5.56
2019-03-08,2576,11.77,11.17,11.89,11.05,66251,79674149.0,7.04,-6.37,-0.76,4.03
2019-03-11,2576,11.17,12.33,12.33,11.17,99804,122855888.0,10.38,10.38,1.16,6.07
2019-03-12,2576,12.45,12.18,12.65,11.95,106005,135325313.0,5.68,-1.22,-0.15,6.45
2019-03-13,2576,12.18,12.45,12.73,12.05,94436,121315750.0,5.58,2.22,0.27,5.74
2019-03-14,2576,12.4,12.02,12.4,11.7,57927,72057290.0,5.62,-3.45,-0.43,3.52
2019-03-15,2576,12.2,12.11,12.2,11.82,38039,47566307.0,3.16,0.75,0.09,2.31
2019-03-18,2576,12.1,12.52,12.57,11.88,68078,87115559.0,5.7,3.39,0.41,4.14
2019-03-19,2576,12.41,12.41,12.71,12.33,50579,65429075.0,3.04,-0.88,-0.11,3.08
2019-03-20,2576,12.3,12.34,12.51,11.95,40062,50831121.0,4.51,-0.56,-0.07,2.44
2019-03-21,2576,12.34,12.23,12.41,12.15,50861,64804124.0,2.11,-0.89,-0.11,3.09
2019-03-22,2576,12.28,12.6,12.83,12.17,81660,105449085.0,5.4,3.03,0.37,4.97
2019-03-25,2576,12.43,12.93,13.43,12.33,126508,169067818.0,8.73,2.62,0.33,7.69
2019-03-26,2576,12.95,12.45,13.03,12.43,69910,91572878.0,4.64,-3.71,-0.48,4.25
2019-03-27,2576,12.5,12.78,12.93,12.3,56320,73731890.0,5.06,2.65,0.33,3.43
2019-03-28,2576,12.76,13.21,13.43,12.55,111854,151642670.0,6.89,3.36,0.43,6.8
2019-03-29,2576,13.05,13.63,14.28,12.99,164761,233925068.0,9.77,3.18,0.42,10.02
2019-04-01,2576,13.6,14.69,15.04,13.36,192250,283700432.0,12.33,7.78,1.06,11.69
2019-04-02,2576,14.43,14.4,14.89,14.26,139370,208242324.0,4.29,-1.97,-0.29,8.48
2019-04-03,2576,14.25,14.45,14.65,14.06,74279,109874462.0,4.1,0.35,0.05,4.52
2019-04-04,2576,14.44,13.9,14.55,13.78,98587,142857613.0,5.33,-3.81,-0.55,6.0
2019-04-08,2576,14.01,13.65,14.05,13.36,59303,83978491.0,4.96,-1.8,-0.25,3.61
2019-04-09,2576,13.57,13.65,13.83,13.33,52248,73290017.0,3.66,0.0,0.0,3.18
2019-04-10,2576,13.61,13.5,13.61,13.27,39735,55012462.0,2.49,-1.1,-0.15,2.42
2019-04-11,2576,13.45,13.27,13.64,13.24,37285,51683913.0,2.96,-1.7,-0.23,2.27
2019-04-12,2576,13.22,13.82,14.05,13.15,64027,90116222.0,6.78,4.14,0.55,3.89
2019-04-15,2576,13.84,13.5,14.01,13.47,40206,57079692.0,3.91,-2.32,-0.32,2.45
2019-04-16,2576,13.36,13.65,13.73,12.95,44155,60770321.0,5.78,1.11,0.15,2.69
2019-04-17,2576,13.6,13.62,13.77,13.48,33228,46840146.0,2.12,-0.22,-0.03,2.02
2019-04-18,2576,13.64,13.42,13.73,13.41,32579,45719216.0,2.35,-1.47,-0.2,1.98
2019-04-19,2576,13.39,13.09,13.4,13.06,55489,75611023.0,2.53,-2.46,-0.33,3.37
2019-04-22,2576,13.09,12.68,13.21,12.45,42021,56164531.0,5.81,-3.13,-0.41,2.56
2019-04-23,2576,12.91,12.53,12.94,12.3,39209,51103949.0,5.05,-1.18,-0.15,2.38
2019-04-24,2576,12.52,12.64,12.69,12.41,24302,31601973.0,2.23,0.88,0.11,1.48
2019-04-25,2576,12.69,11.82,12.69,11.8,43559,54950362.0,7.04,-6.49,-0.82,2.65
2019-04-26,2576,11.82,11.59,11.88,11.53,30387,36842003.0,2.96,-1.95,-0.23,1.85
2019-04-29,2576,11.57,11.02,11.63,10.85,34970,40720823.0,6.73,-4.92,-0.57,2.13
2019-04-30,2576,11.19,11.45,11.45,11.05,21760,25680946.0,3.63,3.9,0.43,1.32
2019-05-06,2576,11.18,10.26,11.18,10.26,40958,45462738.0,8.03,-10.39,-1.19,2.49
2019-05-07,2576,10.35,10.52,10.53,10.22,22728,24647397.0,3.02,2.53,0.26,1.38
2019-05-08,2576,10.37,10.8,10.83,10.13,30433,33767483.0,6.65,2.66,0.28,1.85
2019-05-09,2576,10.67,10.53,10.83,10.41,26079,28883354.0,3.89,-2.5,-0.27,1.59
2019-05-10,2576,10.62,10.8,10.9,10.29,32442,36257223.0,5.79,2.56,0.27,1.97
2019-05-13,2576,10.8,10.79,11.02,10.69,22817,25785333.0,3.06,-0.09,-0.01,1.39
2019-05-14,2576,10.55,10.57,10.8,10.51,16853,18726033.0,2.69,-2.04,-0.22,1.03
2019-05-15,2576,10.81,10.86,10.9,10.61,20969,23591510.0,2.74,2.74,0.29,1.28
2019-05-16,2576,10.77,10.99,11.13,10.77,20921,23948869.0,3.31,1.2,0.13,1.27
2019-05-17,2576,10.95,10.35,11.0,10.22,30352,33529660.0,7.1,-5.82,-0.64,1.85
2019-05-20,2576,10.37,10.47,10.52,10.07,20031,21628043.0,4.35,1.16,0.12,1.22
2019-05-21,2576,10.57,10.66,10.83,10.43,20840,23211213.0,3.82,1.81,0.19,1.27
2019-05-22,2576,10.78,10.57,10.78,10.46,17526,19387045.0,3.0,-0.84,-0.09,1.07
2019-05-23,2576,10.54,10.28,10.54,10.21,21232,22918635.0,3.12,-2.74,-0.29,1.29
2019-05-24,2576,10.17,10.17,10.42,10.13,13475,14410507.0,2.82,-1.07,-0.11,0.82
2019-05-27,2576,10.3,10.64,10.73,10.05,20701,22653999.0,6.69,4.62,0.47,1.26
2019-05-28,2576,10.7,10.61,10.78,10.53,17369,19343958.0,2.35,-0.28,-0.03,1.06
2019-05-29,2576,10.66,10.73,10.82,10.59,16675,18690639.0,2.17,1.13,0.12,1.01
2019-05-30,2576,10.65,11.14,11.28,10.41,56279,63918310.0,8.11,3.82,0.41,3.42
2019-05-31,2576,11.08,11.12,11.27,11.0,35249,40853221.0,2.42,-0.18,-0.02,2.14
2019-06-03,2576,11.1,10.73,11.11,10.7,29260,33095985.0,3.69,-3.51,-0.39,1.78
2019-06-04,2576,10.86,10.6,10.86,10.53,16170,17883924.0,3.08,-1.21,-0.13,0.98
2019-06-05,2576,10.73,10.6,10.84,10.53,13091,14519785.0,2.92,0.0,0.0,0.8
2019-06-06,2576,10.51,10.39,10.73,10.35,16632,18256698.0,3.58,-1.98,-0.21,1.01
2019-06-10,2576,10.45,10.54,10.67,10.45,9275,10192642.0,2.12,1.44,0.15,0.56
2019-06-11,2576,10.52,10.92,11.04,10.33,26475,29757647.0,6.74,3.61,0.38,1.61
2019-06-12,2576,10.89,10.79,10.99,10.77,18335,20717945.0,2.01,-1.19,-0.13,1.12
2019-06-13,2576,10.68,10.8,10.81,10.64,17146,19149773.0,1.58,0.09,0.01,1.04
2019-06-14,2576,10.8,10.62,10.94,10.56,20234,22693051.0,3.52,-1.67,-0.18,1.23
2019-06-17,2576,10.65,10.5,10.67,10.45,12159,13380147.0,2.07,-1.13,-0.12,0.74
2019-06-18,2576,10.51,10.52,10.58,10.43,9041,9896396.0,1.43,0.19,0.02,0.55
2019-06-19,2576,10.65,10.61,10.75,10.57,14156,15704666.0,1.71,0.86,0.09,0.86
2019-06-20,2576,10.58,10.75,10.77,10.52,21225,23504754.0,2.36,1.32,0.14,1.29
2019-06-21,2576,10.96,11.65,11.79,10.85,81657,95366711.0,8.74,8.37,0.9,4.97
2019-06-24,2576,11.6,12.04,12.55,11.42,91242,113521737.0,9.7,3.35,0.39,5.55
2019-06-25,2576,11.91,11.76,12.09,11.7,42648,52084561.0,3.24,-2.33,-0.28,2.59
2019-06-26,2576,11.83,11.79,12.05,11.68,23575,28835634.0,3.15,0.26,0.03,1.43
2019-06-27,2576,11.79,11.8,11.96,11.73,23776,29057996.0,1.95,0.08,0.01,1.45
2019-06-28,2576,11.73,11.61,11.78,11.33,31152,37218631.0,3.81,-1.61,-0.19,1.89
2019-07-01,2576,11.82,11.84,11.94,11.67,30092,36619149.0,2.33,1.98,0.23,1.83
2019-07-02,2576,11.84,11.79,11.99,11.71,23366,28541974.0,2.36,-0.42,-0.05,1.42
2019-07-03,2576,11.75,11.55,11.79,11.51,16004,19186221.0,2.37,-2.04,-0.24,0.97
2019-07-04,2576,11.6,11.49,11.66,11.45,14589,17367349.0,1.82,-0.52,-0.06,0.89
2019-07-05,2576,11.53,11.51,11.53,11.36,12555,14876180.0,1.48,0.17,0.02,0.76
2019-07-08,2576,11.52,10.82,11.52,10.8,24116,27590894.0,6.26,-5.99,-0.69,1.47
2019-07-09,2576,10.89,10.93,11.04,10.8,12445,14048887.0,2.22,1.02,0.11,0.76
2019-07-10,2576,10.98,10.8,11.08,10.73,11668,13107533.0,3.2,-1.19,-0.13,0.71
2019-07-11,2576,10.86,10.67,10.95,10.53,13192,14691564.0,3.89,-1.2,-0.13,0.8
2019-07-12,2576,10.68,10.72,10.79,10.56,10165,11280324.0,2.16,0.47,0.05,0.62
2019-07-15,2576,10.9,10.87,10.93,10.62,10166,11388208.0,2.89,1.4,0.15,0.62
2019-07-16,2576,10.88,10.84,10.94,10.8,9180,10329982.0,1.29,-0.28,-0.03,0.56
2019-07-17,2576,10.8,10.95,10.95,10.67,9701,10946791.0,2.58,1.01,0.11,0.59
2019-07-18,2576,10.98,10.75,10.98,10.71,9677,10823734.0,2.47,-1.83,-0.2,0.59
2019-07-19,2576,10.75,10.8,10.87,10.74,7997,8949960.0,1.21,0.47,0.05,0.49
2019-07-22,2576,10.8,10.78,11.1,10.5,16386,18149859.0,5.56,-0.19,-0.02,1.0
2019-07-23,2576,10.78,10.92,11.0,10.62,14885,16618862.0,3.53,1.3,0.14,0.91
2019-07-24,2576,10.95,10.98,11.07,10.93,14523,16558185.0,1.28,0.55,0.06,0.88
2019-07-25,2576,10.98,10.99,11.05,10.81,10091,11474079.0,2.19,0.09,0.01,0.61
2019-07-26,2576,10.95,10.95,11.03,10.94,8388,9542319.0,0.82,-0.36,-0.04,0.51
2019-07-29,2576,10.89,10.96,11.04,10.88,6305,7159114.0,1.46,0.09,0.01,0.38
2019-07-30,2576,10.87,10.98,11.06,10.87,8716,9942919.0,1.73,0.18,0.02,0.53
2019-07-31,2576,11.04,10.88,11.04,10.82,9159,10363346.0,2.0,-0.91,-0.1,0.56
2019-08-01,2576,10.82,10.97,11.03,10.81,10342,11753275.0,2.02,0.83,0.09,0.63
2019-08-02,2576,10.7,10.66,10.79,10.59,14434,15998873.0,1.82,-2.83,-0.31,0.88
2019-08-05,2576,10.48,10.48,10.73,10.48,9939,10931066.0,2.35,-1.69,-0.18,0.6
2019-08-06,2576,10.28,9.8,10.37,9.51,28645,29331106.0,8.21,-6.49,-0.68,1.74
2019-08-07,2576,9.83,9.65,9.9,9.6,11126,11296704.0,3.06,-1.53,-0.15,0.68
2019-08-08,2576,9.65,9.69,9.85,9.65,9613,9753641.0,2.07,0.41,0.04,0.58
2019-08-09,2576,9.71,9.58,9.85,9.56,12474,12565428.0,2.99,-1.14,-0.11,0.76
2019-08-12,2576,9.68,9.72,9.76,9.43,11433,11476511.0,3.44,1.46,0.14,0.7
2019-08-13,2576,9.72,9.59,9.72,9.55,8427,8436827.0,1.75,-1.34,-0.13,0.51
2019-08-14,2576,9.7,9.55,9.78,9.46,10894,10917190.0,3.34,-0.42,-0.04,0.66
2019-08-15,2576,9.48,9.44,9.48,9.06,13257,12844457.0,4.4,-1.15,-0.11,0.81
2019-08-16,2576,9.43,9.45,9.56,9.38,9262,9155511.0,1.91,0.11,0.01,0.56
2019-08-19,2576,9.56,9.8,9.83,9.52,15714,15918343.0,3.28,3.7,0.35,0.96
2019-08-20,2576,9.93,9.73,9.95,9.67,16946,17248147.0,2.86,-0.71,-0.07,1.03
2019-08-21,2576,9.72,9.74,9.81,9.67,10870,11026185.0,1.44,0.1,0.01,0.66
2019-08-22,2576,9.74,9.91,9.92,9.71,16280,16631259.0,2.16,1.75,0.17,0.99
2019-08-23,2576,10.0,9.84,10.02,9.78,18698,19205928.0,2.42,-0.71,-0.07,1.14
2019-08-26,2576,9.59,9.8,9.85,9.48,12871,13007999.0,3.76,-0.41,-0.04,0.78
2019-08-27,2576,9.8,9.94,10.0,9.8,15704,16210652.0,2.04,1.43,0.14,0.96
2019-08-28,2576,9.94,10.28,10.35,9.9,33556,35332978.0,4.53,3.42,0.34,2.04
2019-08-29,2576,10.21,10.06,10.6,10.06,33320,35467539.0,5.25,-2.14,-0.22,2.03
2019-08-30,2576,10.0,9.89,10.2,9.79,21834,22714462.0,4.08,-1.69,-0.17,1.33
2019-09-02,2576,9.8,10.2,10.33,9.79,29330,30825841.0,5.46,3.13,0.31,1.78
2019-09-03,2576,10.29,10.3,10.34,10.17,25265,26903751.0,1.67,0.98,0.1,1.54
2019-09-04,2576,10.3,10.36,10.57,10.28,33006,35619322.0,2.82,0.58,0.06,2.01
2019-09-05,2576,10.36,10.37,10.53,10.31,45370,49107350.0,2.12,0.1,0.01,2.76
2019-09-06,2576,10.37,10.35,10.44,10.22,23809,25574552.0,2.12,-0.19,-0.02,1.45
2019-09-09,2576,10.49,10.45,10.54,10.34,28666,31002203.0,1.93,0.97,0.1,1.74
2019-09-10,2576,10.47,10.59,10.59,10.42,29945,32727385.0,1.63,1.34,0.14,1.82
2019-09-11,2576,10.59,10.45,10.61,10.45,20180,22017215.0,1.51,-1.32,-0.14,1.23
2019-09-12,2576,10.44,10.63,10.85,10.44,40231,44487316.0,3.92,1.72,0.18,2.45
2019-09-16,2576,10.68,10.81,10.94,10.6,36739,41011340.0,3.2,1.69,0.18,2.23
2019-09-17,2576,10.76,10.58,10.93,10.49,30865,34224613.0,4.07,-2.13,-0.23,1.88
2019-09-18,2576,10.62,10.42,10.71,10.38,21275,23244607.0,3.12,-1.51,-0.16,1.29
2019-09-19,2576,10.43,10.55,10.58,10.4,18946,20643957.0,1.73,1.25,0.13,1.15
2019-09-20,2576,10.48,10.81,10.81,10.46,32414,35896305.0,3.32,2.46,0.26,1.97
2019-09-23,2576,10.78,10.69,10.78,10.5,22949,25267233.0,2.59,-1.11,-0.12,1.4
2019-09-24,2576,10.72,10.83,10.87,10.61,25489,28478873.0,2.43,1.31,0.14,1.55
2019-09-25,2576,10.8,10.56,10.8,10.5,21289,23470491.0,2.77,-2.49,-0.27,1.29
2019-09-26,2576,10.52,10.74,11.66,10.22,68890,77415740.0,13.64,1.7,0.18,4.19
2019-09-27,2576,10.5,10.35,10.78,10.11,46532,49856692.0,6.24,-3.63,-0.39,2.83
2019-09-30,2576,10.32,9.82,10.37,9.82,26304,27437366.0,5.31,-5.12,-0.53,1.6
2019-10-08,2576,9.77,9.74,9.93,9.73,14684,14973658.0,2.04,-0.81,-0.08,0.89
2019-10-09,2576,9.74,9.9,9.9,9.61,14216,14534296.0,2.98,1.64,0.16,0.86
2019-10-10,2576,9.88,10.07,10.1,9.77,15161,15773923.0,3.33,1.72,0.17,0.92
2019-10-11,2576,10.08,10.07,10.13,9.94,13376,13970949.0,1.89,0.0,0.0,0.81
2019-10-14,2576,10.21,10.27,10.39,10.12,18655,19920703.0,2.68,1.99,0.2,1.13
2019-10-15,2576,10.27,10.28,10.34,10.2,14557,15526395.0,1.36,0.1,0.01,0.89
2019-10-16,2576,10.33,10.27,10.43,10.15,16751,17869230.0,2.72,-0.1,-0.01,1.02
2019-10-17,2576,10.31,10.0,10.37,9.94,21942,22980127.0,4.19,-2.63,-0.27,1.33
2019-10-18,2576,10.0,9.85,10.11,9.7,15608,15988934.0,4.1,-1.5,-0.15,0.95
2019-10-21,2576,9.8,9.96,9.98,9.7,10777,11065151.0,2.84,1.12,0.11,0.66
2019-10-22,2576,9.93,10.18,10.19,9.89,18429,19336649.0,3.01,2.21,0.22,1.12
2019-10-23,2576,10.17,10.08,10.23,10.05,11777,12397075.0,1.77,-0.98,-0.1,0.72
2019-10-24,2576,9.99,10.04,10.16,9.9,12662,13190755.0,2.58,-0.4,-0.04,0.77
2019-10-25,2576,10.1,10.01,10.14,9.85,14785,15357890.0,2.89,-0.3,-0.03,0.9
2019-10-28,2576,9.99,10.05,10.08,9.92,27147,28335172.0,1.6,0.4,0.04,1.65
2019-10-29,2576,10.05,9.72,10.08,9.72,24463,25091181.0,3.58,-3.28,-0.33,1.49
2019-10-30,2576,9.73,9.47,9.74,9.43,23063,22950757.0,3.19,-2.57,-0.25,1.4
2019-10-31,2576,9.56,9.33,9.58,9.27,16130,15818515.0,3.27,-1.48,-0.14,0.98
2019-11-01,2576,9.36,9.49,9.51,9.26,14903,14657428.0,2.68,1.71,0.16,0.91
2019-11-04,2576,9.59,9.42,9.59,9.41,13194,13068281.0,1.9,-0.74,-0.07,0.8
2019-11-05,2576,9.47,9.38,9.5,9.26,14241,13925392.0,2.55,-0.42,-0.04,0.87
2019-11-06,2576,9.37,9.2,9.38,9.15,15094,14573233.0,2.45,-1.92,-0.18,0.92
2019-11-07,2576,9.2,9.23,9.31,9.14,11971,11524416.0,1.85,0.33,0.03,0.73
2019-11-08,2576,9.28,9.3,9.41,9.28,17664,17217759.0,1.41,0.76,0.07,1.07
2019-11-11,2576,9.29,8.95,9.37,8.94,15618,14764838.0,4.62,-3.76,-0.35,0.95
2019-11-12,2576,8.87,8.85,8.96,8.69,14070,12937119.0,3.02,-1.12,-0.1,0.86
2019-11-13,2576,8.85,8.77,8.87,8.69,11297,10362624.0,2.03,-0.9,-0.08,0.69
2019-11-14,2576,8.71,8.8,8.86,8.71,8698,7995736.0,1.71,0.34,0.03,0.53
2019-11-15,2576,8.75,8.57,8.8,8.56,14681,13307605.0,2.73,-2.61,-0.23,0.89
2019-11-18,2576,8.56,8.62,8.66,8.55,10682,9626578.0,1.28,0.58,0.05,0.65
2019-11-19,2576,8.63,8.83,8.85,8.59,11799,10806106.0,3.02,2.44,0.21,0.72
2019-11-20,2576,8.88,8.7,8.88,8.63,12388,11318981.0,2.83,-1.47,-0.13,0.75
2019-11-21,2576,8.7,8.65,8.75,8.6,9515,8623421.0,1.72,-0.57,-0.05,0.58
2019-11-22,2576,8.7,8.79,8.87,8.65,17784,16272912.0,2.54,1.62,0.14,1.08
2019-11-25,2576,8.8,8.94,9.05,8.73,21613,20103883.0,3.64,1.71,0.15,1.31
2019-11-26,2576,8.94,8.85,8.96,8.8,12145,11253246.0,1.79,-1.01,-0.09,0.74
2019-11-27,2576,8.85,8.93,8.94,8.75,13491,12454216.0,2.15,0.9,0.08,0.82
2019-11-28,2576,8.93,9.02,9.06,8.84,16378,15351473.0,2.46,1.01,0.09,1.0
2019-11-29,2576,9.03,9.02,9.03,8.85,17910,16765078.0,2.0,0.0,0.0,1.09
2019-12-02,2576,9.11,9.05,9.15,8.98,12193,11500622.0,1.88,0.33,0.03,0.74
2019-12-03,2576,8.99,9.01,9.07,8.87,13387,12517117.0,2.21,-0.44,-0.04,0.81
2019-12-04,2576,8.94,8.87,8.98,8.83,13139,12216418.0,1.66,-1.55,-0.14,0.8
2019-12-05,2576,8.9,9.05,9.1,8.88,18850,17741487.0,2.48,2.03,0.18,1.15
2019-12-06,2576,9.05,9.1,9.16,8.95,18790,17771091.0,2.32,0.55,0.05,1.14
2019-12-09,2576,9.1,9.15,9.21,9.08,14584,13898444.0,1.43,0.55,0.05,0.89
2019-12-10,2576,9.11,9.27,9.27,9.06,13806,13211886.0,2.3,1.31,0.12,0.84
2019-12-11,2576,9.27,9.32,9.48,9.19,26998,26263524.0,3.13,0.54,0.05,1.64
2019-12-12,2576,9.2,9.14,9.3,9.11,14757,14161297.0,2.04,-1.93,-0.18,0.9
2019-12-13,2576,9.18,9.27,9.29,9.18,11228,10828851.0,1.2,1.42,0.13,0.68
2019-12-16,2576,9.27,9.38,9.41,9.27,13110,12783865.0,1.51,1.19,0.11,0.8
2019-12-17,2576,9.43,9.46,9.51,9.36,18809,18518556.0,1.6,0.85,0.08,1.14
2019-12-18,2576,9.51,9.42,9.51,9.4,16737,16485331.0,1.16,-0.42,-0.04,1.02
2019-12-19,2576,9.41,9.44,9.45,9.36,18278,17912131.0,0.96,0.21,0.02,1.11
2019-12-20,2576,9.44,9.41,9.52,9.38,21060,20767085.0,1.48,-0.32,-0.03,1.28
2019-12-23,2576,9.4,9.1,9.41,9.1,20480,19742361.0,3.29,-3.29,-0.31,1.25
2019-12-24,2576,9.15,9.5,9.5,9.1,24577,24000394.0,4.4,4.4,0.4,1.49
2019-12-25,2576,9.5,9.49,9.7,9.4,22876,22656059.0,3.16,-0.11,-0.01,1.39
2019-12-26,2576,9.49,9.55,9.56,9.44,14836,14686027.0,1.26,0.63,0.06,0.9
2019-12-27,2576,9.57,9.42,9.63,9.33,20245,19998178.0,3.14,-1.36,-0.13,1.23
2019-12-30,2576,9.35,9.37,9.42,9.13,18376,17837584.0,3.08,-0.53,-0.05,1.12
2019-12-31,2576,9.35,9.42,9.46,9.31,14727,14417981.0,1.6,0.53,0.05,0.9
2020-01-02,2576,9.45,9.57,9.6,9.43,23760,23613365.0,1.8,1.59,0.15,1.45
2020-01-03,2576,9.6,9.71,9.73,9.54,28551,28620864.0,1.99,1.46,0.14,1.74
2020-01-06,2576,9.69,9.72,9.78,9.62,27758,28076393.0,1.65,0.1,0.01,1.69
2020-01-07,2576,9.75,9.8,9.87,9.68,27883,28336227.0,1.95,0.82,0.08,1.7
2020-01-08,2576,9.77,9.69,9.82,9.6,28486,28808703.0,2.24,-1.12,-0.11,1.73
2020-01-09,2576,9.75,9.76,9.84,9.67,21056,21363476.0,1.75,0.72,0.07,1.28
2020-01-10,2576,9.78,9.67,9.78,9.63,15018,15135187.0,1.54,-0.92,-0.09,0.91
2020-01-13,2576,9.65,9.9,10.58,9.63,77783,80994379.0,9.82,2.38,0.23,4.73
2020-01-14,2576,9.76,10.19,10.26,9.74,79940,83158612.0,5.25,2.93,0.29,4.86
2020-01-15,2576,10.11,9.99,10.4,9.98,60703,64024240.0,4.12,-1.96,-0.2,3.69
2020-01-16,2576,10.17,9.8,10.2,9.78,45665,47124689.0,4.2,-1.9,-0.19,2.78
2020-01-17,2576,9.89,9.72,9.94,9.7,28168,28746485.0,2.45,-0.82,-0.08,1.71
2020-01-20,2576,9.69,9.77,9.8,9.67,23064,23388996.0,1.34,0.51,0.05,1.4
2020-01-21,2576,9.74,9.56,9.77,9.54,25351,25391933.0,2.35,-2.15,-0.21,1.54
2020-01-22,2576,9.52,9.48,9.53,9.32,20586,20279899.0,2.2,-0.84,-0.08,1.25
2020-01-23,2576,9.4,9.05,9.49,8.9,26912,25866702.0,6.22,-4.54,-0.43,1.64
2020-02-03,2576,8.11,8.11,8.11,8.11,5557,4729007.0,0.0,-10.39,-0.94,0.34
2020-02-04,2576,7.59,7.98,8.14,7.58,30159,25058054.0,6.91,-1.6,-0.13,1.83
2020-02-05,2576,7.95,8.07,8.28,7.95,22332,18991808.0,4.14,1.13,0.09,1.36
2020-02-06,2576,8.1,8.22,8.3,8.02,34212,29258567.0,3.47,1.86,0.15,2.08
2020-02-07,2576,8.19,8.3,8.31,8.07,26037,22384144.0,2.92,0.97,0.08,1.58
2020-02-10,2576,8.25,8.43,8.44,8.2,26130,22790230.0,2.89,1.57,0.13,1.59
2020-02-11,2576,8.44,8.38,8.5,8.35,15665,13817961.0,1.78,-0.59,-0.05,0.95
2020-02-12,2576,8.35,8.53,8.54,8.33,18292,16209591.0,2.51,1.79,0.15,1.11
2020-02-13,2576,8.49,8.39,8.56,8.37,19787,17504600.0,2.23,-1.64,-0.14,1.2
2020-02-14,2576,8.31,8.4,8.47,8.27,17364,15231534.0,2.38,0.12,0.01,1.06
2020-02-17,2576,8.38,8.79,8.85,8.38,28704,26084895.0,5.6,4.64,0.39,1.75
2020-02-18,2576,8.81,8.92,8.92,8.72,25266,23305893.0,2.28,1.48,0.13,1.54
2020-02-19,2576,8.93,8.93,9.0,8.85,26769,24990704.0,1.68,0.11,0.01,1.63
2020-02-20,2576,8.97,9.07,9.07,8.87,26982,25319599.0,2.24,1.57,0.14,1.64
2020-02-21,2576,9.02,9.11,9.16,8.95,31297,29507427.0,2.32,0.44,0.04,1.9
2020-02-24,2576,9.08,9.17,9.23,8.93,34269,32453177.0,3.29,0.66,0.06,2.08
2020-02-25,2576,9.0,8.96,9.05,8.62,36765,34209684.0,4.69,-2.29,-0.21,2.24
2020-02-26,2576,8.91,8.92,9.15,8.82,40689,38075011.0,3.68,-0.45,-0.04,2.47
2020-02-27,2576,8.92,8.92,9.03,8.76,25722,23932756.0,3.03,0.0,0.0,1.56
2020-02-28,2576,8.67,8.44,8.83,8.38,42882,38624404.0,5.04,-5.38,-0.48,2.61
2020-03-02,2576,8.45,8.8,8.88,8.45,26550,24192289.0,5.09,4.27,0.36,1.61
2020-03-03,2576,8.9,9.07,9.48,8.9,54095,51481583.0,6.59,3.07,0.27,3.29
2020-03-04,2576,9.04,9.21,9.33,8.92,41455,39580154.0,4.52,1.54,0.14,2.52
2020-03-05,2576,9.28,9.5,9.59,9.25,51445,50711762.0,3.69,3.15,0.29,3.13
2020-03-06,2576,9.5,9.49,9.76,9.31,49076,48750229.0,4.74,-0.11,-0.01,2.98
2020-03-09,2576,9.21,9.37,9.68,9.12,49732,49182260.0,5.9,-1.26,-0.12,3.02
2020-03-10,2576,9.14,9.6,9.64,9.0,52596,51334387.0,6.83,2.45,0.23,3.2
2020-03-11,2576,9.7,9.51,9.79,9.48,51840,52212589.0,3.23,-0.94,-0.09,3.15
2020-03-12,2576,9.36,9.37,9.48,9.21,32975,32056315.0,2.84,-1.47,-0.14,2.01
2020-03-13,2576,8.9,9.26,9.37,8.66,37714,35683652.0,7.58,-1.17,-0.11,2.29
2020-03-16,2576,9.39,9.12,9.68,9.05,53176,52174490.0,6.8,-1.51,-0.14,3.23
2020-03-17,2576,9.12,9.77,9.78,8.6,107004,105422754.0,12.94,7.13,0.65,6.51
2020-03-18,2576,9.7,9.21,10.17,9.13,94564,95021290.0,10.64,-5.73,-0.56,5.75
2020-03-19,2576,9.16,10.17,10.17,9.07,81448,84457850.0,11.94,10.42,0.96,4.95
2020-03-20,2576,10.88,11.23,11.23,10.59,76484,87045786.0,6.29,10.42,1.06,4.65
2020-03-23,2576,11.3,10.34,12.1,10.08,265070,301776160.0,17.99,-7.93,-0.89,16.12
2020-03-24,2576,9.98,9.88,10.79,9.4,172184,176028302.0,13.44,-4.45,-0.46,10.47
2020-03-25,2576,9.87,10.07,10.2,9.71,119926,124839461.0,4.96,1.92,0.19,7.29
2020-03-26,2576,9.8,9.66,9.88,9.56,93810,94541245.0,3.18,-4.07,-0.41,5.71
2020-03-27,2576,9.72,9.29,9.76,9.24,79802,78860942.0,5.38,-3.83,-0.37,4.85
2020-03-30,2576,9.08,8.85,9.19,8.61,65248,60271458.0,6.24,-4.74,-0.44,3.97
2020-03-31,2576,8.88,8.77,9.03,8.65,42882,39483006.0,4.29,-0.9,-0.08,2.61
2020-04-01,2576,8.69,8.58,8.86,8.53,41053,37327778.0,3.76,-2.17,-0.19,2.5
2020-04-02,2576,8.48,8.75,8.78,8.45,35472,31989487.0,3.85,1.98,0.17,2.16
2020-04-03,2576,8.75,8.56,8.76,8.5,33722,30397413.0,2.97,-2.17,-0.19,2.05
2020-04-07,2576,8.7,8.77,8.83,8.65,43902,40143907.0,2.1,2.45,0.21,2.67
2020-04-08,2576,8.77,8.89,9.04,8.67,51405,47592333.0,4.22,1.37,0.12,3.13
2020-04-09,2576,8.95,8.99,9.08,8.86,42048,39459845.0,2.47,1.12,0.1,2.56
2020-04-10,2576,8.99,8.68,9.0,8.6,41862,38362361.0,4.45,-3.45,-0.31,2.55
2020-04-13,2576,8.65,8.46,8.65,8.4,32549,29109629.0,2.88,-2.53,-0.22,1.98
2020-04-14,2576,8.54,8.7,8.7,8.48,28553,25698507.0,2.6,2.84,0.24,1.74
2020-04-15,2576,8.76,8.54,8.76,8.54,28009,25282003.0,2.53,-1.84,-0.16,1.7
2020-04-16,2576,8.49,8.62,8.66,8.41,31998,28710172.0,2.93,0.94,0.08,1.95
2020-04-17,2576,8.61,8.5,8.68,8.46,48984,43916113.0,2.55,-1.39,-0.12,2.98
2020-04-20,2576,8.53,8.58,8.59,8.41,31514,28087776.0,2.12,0.94,0.08,1.92
2020-04-21,2576,8.53,8.48,8.53,8.37,34143,30203572.0,1.86,-1.17,-0.1,2.08
2020-04-22,2576,8.45,8.57,8.6,8.39,31365,27938853.0,2.48,1.06,0.09,1.91
2020-04-23,2576,8.59,8.52,8.59,8.47,28633,25551786.0,1.4,-0.58,-0.05,1.74
2020-04-24,2576,8.5,8.47,8.52,8.41,23127,20499820.0,1.29,-0.59,-0.05,1.41
2020-04-27,2576,8.45,8.43,8.58,8.41,24823,22072190.0,2.01,-0.47,-0.04,1.51
2020-04-28,2576,8.43,8.02,8.44,7.74,38761,32977836.0,8.3,-4.86,-0.41,2.36
2020-04-29,2576,7.97,7.92,8.13,7.9,23374,19626301.0,2.87,-1.25,-0.1,1.42
2020-04-30,2576,7.99,8.2,8.23,7.95,21459,18253324.0,3.54,3.54,0.28,1.31
2020-05-06,2576,8.11,8.46,8.5,8.09,32623,28699113.0,5.0,3.17,0.26,1.98
2020-05-07,2576,8.5,8.33,8.5,8.31,23934,21029561.0,2.25,-1.54,-0.13,1.46
2020-05-08,2576,8.38,8.43,8.48,8.35,26509,23402685.0,1.56,1.2,0.1,1.61
2020-05-11,2576,8.48,8.43,8.51,8.33,21929,19374441.0,2.14,0.0,0.0,1.33
2020-05-12,2576,8.45,8.61,8.63,8.43,47028,42124536.0,2.37,2.14,0.18,2.86
2020-05-13,2576,8.59,8.55,8.61,8.48,24899,22230051.0,1.51,-0.7,-0.06,1.51
2020-05-14,2576,8.5,8.4,8.5,8.36,25826,22805009.0,1.64,-1.75,-0.15,1.57
2020-05-15,2576,8.45,8.39,8.47,8.37,20273,17880915.0,1.19,-0.12,-0.01,1.23
2020-05-18,2576,8.4,8.35,8.4,8.26,21855,19079523.0,1.67,-0.48,-0.04,1.33
2020-05-19,2576,8.42,8.52,8.6,8.35,22742,20070455.0,2.99,2.04,0.17,1.38
2020-05-20,2576,8.45,8.86,8.89,8.43,71315,64937204.0,5.4,3.99,0.34,4.34
2020-05-21,2576,8.81,8.78,9.0,8.56,46512,42492387.0,4.97,-0.9,-0.08,2.83
2020-05-22,2576,8.67,9.35,9.7,8.62,153268,148919532.0,12.3,6.49,0.57,9.32
2020-05-25,2576,9.2,9.47,9.97,8.95,124978,120950955.0,10.91,1.28,0.12,7.6
2020-05-26,2576,9.27,9.3,9.66,9.22,84650,82800982.0,4.65,-1.8,-0.17,5.15
2020-05-27,2576,9.29,9.26,9.43,9.02,78938,75681960.0,4.41,-0.43,-0.04,4.8
2020-05-28,2576,9.2,8.95,9.2,8.84,57564,54214188.0,3.89,-3.35,-0.31,3.5
2020-05-29,2576,8.88,8.79,9.06,8.79,49850,46496363.0,3.02,-1.79,-0.16,3.03
2020-06-01,2576,8.79,9.04,9.06,8.79,42301,39655424.0,3.07,2.84,0.25,2.57
2020-06-02,2576,9.05,9.12,9.19,8.97,49827,47401770.0,2.43,0.88,0.08,3.03
2020-06-03,2576,9.12,8.94,9.15,8.88,48396,45558503.0,2.96,-1.97,-0.18,2.94
2020-06-04,2576,8.95,9.25,9.36,8.95,80638,77434217.0,4.59,3.47,0.31,4.9
2020-06-05,2576,9.22,9.14,9.32,9.01,52869,50443090.0,3.35,-1.19,-0.11,3.22
2020-06-08,2576,9.16,9.1,9.25,9.07,41700,39816473.0,1.97,-0.44,-0.04,2.54
2020-06-09,2576,9.15,9.04,9.16,8.96,36178,34063661.0,2.2,-0.66,-0.06,2.2
2020-06-10,2576,9.05,8.79,9.05,8.77,34743,32141038.0,3.1,-2.77,-0.25,2.11
2020-06-11,2576,9.71,9.71,9.71,9.71,27588,27891002.0,0.0,10.47,0.92,1.68
2020-06-12,2576,10.2,10.72,10.72,10.0,254280,278609440.0,7.42,10.4,1.01,15.47
2020-06-15,2576,10.4,10.98,11.32,10.07,331090,361190608.0,11.66,2.43,0.26,20.14
2020-06-16,2576,10.64,10.63,10.93,10.52,200986,222969745.0,3.73,-3.19,-0.35,12.22
2020-06-17,2576,10.57,10.29,10.82,10.27,157500,171043450.0,5.17,-3.2,-0.34,9.58
2020-06-18,2576,10.31,11.36,11.36,10.16,217080,241046199.0,11.66,10.4,1.07,13.2
2020-06-19,2576,11.46,11.72,12.54,10.91,331385,398280992.0,14.35,3.17,0.36,20.16
2020-06-22,2576,11.46,11.2,11.65,11.1,202534,237536241.0,4.69,-4.44,-0.52,12.32
2020-06-23,2576,11.1,11.35,11.49,11.0,152805,177315451.0,4.38,1.34,0.15,9.29
2020-06-24,2576,11.24,11.0,11.49,11.0,132339,154249380.0,4.32,-3.08,-0.35,8.05
2020-06-29,2576,10.83,10.59,10.89,10.45,107943,119196016.0,4.0,-3.73,-0.41,6.57
2020-06-30,2576,10.63,10.65,10.79,10.55,74913,82885656.0,2.27,0.57,0.06,4.56
2020-07-01,2576,10.78,10.56,10.89,10.39,85804,95045578.0,4.69,-0.85,-0.09,5.22
2020-07-02,2576,10.56,10.77,10.88,10.49,83935,93464578.0,3.69,1.99,0.21,5.11
2020-07-03,2576,10.72,10.87,10.88,10.72,80476,90260328.0,1.49,0.93,0.1,4.89
2020-07-06,2576,10.8,11.22,11.27,10.78,127545,146475874.0,4.51,3.22,0.35,7.76
2020-07-07,2576,11.31,11.42,11.89,11.17,153295,182372211.0,6.42,1.78,0.2,9.32
2020-07-08,2576,11.32,11.58,11.66,11.23,112790,133737574.0,3.77,1.4,0.16,6.86
2020-07-09,2576,11.6,11.86,11.95,11.46,147487,178665501.0,4.23,2.42,0.28,8.97
2020-07-10,2576,11.75,11.39,11.84,11.3,102099,122501895.0,4.55,-3.96,-0.47,6.21
2020-07-13,2576,11.4,12.2,12.29,11.39,139121,172451798.0,7.9,7.11,0.81,8.46
2020-07-14,2576,12.02,12.58,12.89,11.89,166981,213217805.0,8.2,3.11,0.38,10.16
2020-07-15,2576,12.59,11.65,12.59,11.58,122844,152578621.0,8.03,-7.39,-0.93,7.47
2020-07-16,2576,11.78,10.9,11.92,10.87,87874,103226510.0,9.01,-6.44,-0.75,5.34
2020-07-17,2576,10.95,10.87,11.13,10.8,55187,62372433.0,3.03,-0.28,-0.03,3.36
2020-07-20,2576,11.02,11.44,11.47,10.97,63032,73121508.0,4.6,5.24,0.57,3.83
2020-07-21,2576,11.58,11.43,11.77,11.36,66336,78698986.0,3.58,-0.09,-0.01,4.03
2020-07-22,2576,11.35,11.39,11.63,11.3,61548,72845113.0,2.89,-0.35,-0.04,3.74
2020-07-23,2576,11.3,11.9,11.91,11.15,112781,134602580.0,6.67,4.48,0.51,6.86
2020-07-24,2576,11.82,11.03,11.87,11.03,93608,110949838.0,7.06,-7.31,-0.87,5.69
2020-07-27,2576,10.98,10.92,11.45,10.81,46156,52657393.0,5.8,-1.0,-0.11,2.81
2020-07-28,2576,10.91,11.05,11.19,10.91,38409,43764312.0,2.56,1.19,0.13,2.34
2020-07-29,2576,11.01,11.33,11.35,10.86,47406,54557179.0,4.43,2.53,0.28,2.88
2020-07-30,2576,11.3,11.31,11.52,11.16,49028,57146986.0,3.18,-0.18,-0.02,2.98
2020-07-31,2576,11.23,11.51,11.58,11.23,58599,69066875.0,3.09,1.77,0.2,3.56
2020-08-03,2576,11.7,12.0,12.08,11.57,78846,96348393.0,4.43,4.26,0.49,4.8
2020-08-04,2576,12.02,11.86,12.12,11.77,72431,88987119.0,2.92,-1.17,-0.14,4.41
2020-08-05,2576,11.85,11.86,12.0,11.63,56833,69185807.0,3.12,0.0,0.0,3.46
2020-08-06,2576,11.92,11.88,12.2,11.67,74721,91557046.0,4.47,0.17,0.02,4.54
2020-08-07,2576,11.83,11.4,11.83,11.23,76315,90179598.0,5.05,-4.04,-0.48,4.64
2020-08-10,2576,11.42,11.56,11.95,11.4,63473,76410044.0,4.82,1.4,0.16,3.86
2020-08-11,2576,11.55,11.15,11.63,11.15,54807,64286165.0,4.15,-3.55,-0.41,3.33
2020-08-12,2576,11.1,11.03,11.24,10.81,43922,49730869.0,3.86,-1.08,-0.12,2.67
2020-08-13,2576,11.07,11.09,11.22,11.05,30568,35062620.0,1.54,0.54,0.06,1.86
2020-08-14,2576,11.07,11.24,11.27,10.97,34529,39687827.0,2.71,1.35,0.15,2.1
2020-08-17,2576,11.25,11.49,11.49,11.22,38288,44940203.0,2.4,2.22,0.25,2.33
2020-08-18,2576,11.48,11.71,11.78,11.48,51670,61956194.0,2.61,1.91,0.22,3.14
2020-08-19,2576,11.9,11.62,12.25,11.5,87328,106938254.0,6.4,-0.77,-0.09,5.31
2020-08-20,2576,11.57,12.12,12.22,11.45,111831,137690646.0,6.63,4.3,0.5,6.8
2020-08-21,2576,12.1,12.11,12.13,11.85,76666,94551674.0,2.31,-0.08,-0.01,4.66
2020-08-24,2576,11.94,12.69,12.73,11.73,112453,142098097.0,8.26,4.79,0.58,6.84
2020-08-25,2576,12.41,12.24,12.58,12.1,104545,132572915.0,3.78,-3.55,-0.45,6.36
2020-08-26,2576,12.3,11.97,12.3,11.84,59185,73114143.0,3.76,-2.21,-0.27,3.6
2020-08-27,2576,11.99,11.99,12.2,11.89,49861,61887949.0,2.59,0.17,0.02,3.03
2020-08-28,2576,11.95,12.04,12.11,11.82,49051,60346416.0,2.42,0.42,0.05,2.98
2020-08-31,2576,12.15,12.17,12.5,12.13,75681,95448247.0,3.07,1.08,0.13,4.6
2020-09-01,2576,12.15,12.53,12.74,12.06,80660,103229095.0,5.59,2.96,0.36,4.91
2020-09-02,2576,12.56,12.55,12.64,12.33,74110,95179626.0,2.47,0.16,0.02,4.51
2020-09-03,2576,12.5,12.05,12.63,11.95,74999,94563931.0,5.42,-3.98,-0.5,4.56
2020-09-04,2576,11.9,12.61,12.64,11.75,104323,132438108.0,7.39,4.65,0.56,6.35
2020-09-07,2576,12.71,12.47,12.85,12.2,110214,141647398.0,5.15,-1.11,-0.14,6.7
2020-09-08,2576,12.48,12.21,12.57,12.15,69513,88154165.0,3.37,-2.09,-0.26,4.23
2020-09-09,2576,12.02,11.68,12.28,11.67,83547,103047145.0,5.0,-4.34,-0.53,5.08
2020-09-10,2576,11.77,11.03,11.85,10.75,94835,109499048.0,9.42,-5.57,-0.65,5.77
2020-09-11,2576,10.89,11.06,11.13,10.75,39282,44449877.0,3.45,0.27,0.03,2.39
2020-09-14,2576,11.06,12.2,12.2,11.06,113089,137128992.0,10.31,10.31,1.14,6.88
2020-09-15,2576,12.35,12.67,12.78,12.25,158992,205019436.0,4.34,3.85,0.47,9.67
2020-09-16,2576,12.66,12.74,12.8,12.36,94300,122022613.0,3.47,0.55,0.07,5.74
2020-09-17,2576,12.65,12.72,12.99,12.45,75817,98689459.0,4.24,-0.16,-0.02,4.61
2020-09-18,2576,12.79,12.93,13.29,12.5,109330,144639029.0,6.21,1.65,0.21,6.65
2020-09-21,2576,13.03,13.05,13.32,12.81,108219,144757383.0,3.94,0.93,0.12,6.58
2020-09-22,2576,12.9,12.82,13.21,12.61,94187,124513362.0,4.6,-1.76,-0.23,5.73
2020-09-23,2576,12.84,12.83,13.09,12.76,58602,77480831.0,2.57,0.08,0.01,3.56
2020-09-24,2576,12.85,12.66,13.25,12.56,111889,148318346.0,5.38,-1.33,-0.17,6.81
2020-09-25,2576,12.69,12.15,13.08,12.05,93385,119346158.0,8.14,-4.03,-0.51,5.68
2020-09-28,2576,12.18,11.55,12.34,11.51,76484,93172127.0,6.83,-4.94,-0.6,4.65
2020-09-29,2576,11.66,12.74,12.74,11.51,87728,110057693.0,10.65,10.3,1.19,5.34
2020-09-30,2576,13.01,12.25,13.13,12.15,110560,142610276.0,7.69,-3.85,-0.49,6.72
2020-10-09,2576,12.68,12.95,13.33,12.55,125203,165702151.0,6.37,5.71,0.7,7.62
2020-10-12,2576,13.45,13.65,13.87,13.1,165139,229362208.0,5.95,5.41,0.7,10.04
2020-10-13,2576,13.56,14.1,14.1,13.36,181124,255283978.0,5.42,3.3,0.45,11.02
2020-10-14,2576,13.93,13.74,13.93,13.55,121852,171452713.0,2.7,-2.55,-0.36,7.41
2020-10-15,2576,13.66,13.5,14.07,13.5,97083,136321825.0,4.15,-1.75,-0.24,5.9
2020-10-16,2576,13.5,13.84,13.95,13.38,108852,152821899.0,4.22,2.52,0.34,6.62
2020-10-19,2576,13.84,13.63,13.92,13.35,80914,112770176.0,4.12,-1.52,-0.21,4.92
2020-10-20,2576,13.53,13.52,13.57,13.16,61397,84474072.0,3.01,-0.81,-0.11,3.73
2020-10-21,2576,13.51,13.18,13.65,13.06,56398,76911316.0,4.36,-2.51,-0.34,3.43
2020-10-22,2576,13.18,13.38,13.54,12.9,60640,82620707.0,4.86,1.52,0.2,3.69
2020-10-23,2576,13.35,13.2,13.57,13.08,49356,67421147.0,3.66,-1.35,-0.18,3.0
2020-10-26,2576,13.31,13.52,13.61,13.05,58936,81115922.0,4.24,2.42,0.32,3.58
2020-10-27,2576,13.45,13.05,13.57,12.95,59404,80408210.0,4.59,-3.48,-0.47,3.61
2020-10-28,2576,13.0,13.21,13.31,12.72,55396,74093564.0,4.52,1.23,0.16,3.37
2020-10-29,2576,12.97,13.85,14.0,12.88,117439,164473997.0,8.48,4.84,0.64,7.14
2020-10-30,2576,14.06,13.34,14.06,13.25,76545,106721387.0,5.85,-3.68,-0.51,4.66
2020-11-02,2576,13.5,13.78,14.03,13.35,90284,127031403.0,5.1,3.3,0.44,5.49
2020-11-03,2576,13.88,13.19,13.95,12.95,126908,173879598.0,7.26,-4.28,-0.59,7.72
2020-11-04,2576,13.21,14.08,14.24,13.03,157673,224394193.0,9.17,6.75,0.89,9.59
2020-11-05,2576,14.11,14.29,14.3,13.71,149592,215169935.0,4.19,1.49,0.21,9.1
2020-11-06,2576,14.06,13.95,14.09,13.68,87726,125005758.0,2.87,-2.38,-0.34,5.34
2020-11-09,2576,13.95,14.07,14.15,13.75,94506,135613056.0,2.87,0.86,0.12,5.75
2020-11-10,2576,14.16,13.82,14.44,13.76,94763,136518326.0,4.83,-1.78,-0.25,5.76
2020-11-11,2576,13.84,13.33,13.84,13.31,66020,91461426.0,3.84,-3.55,-0.49,4.02
2020-11-12,2576,13.3,13.55,13.59,13.05,58572,80526197.0,4.05,1.65,0.22,3.56
2020-11-13,2576,13.51,13.34,13.56,13.12,46252,63204565.0,3.25,-1.55,-0.21,2.81
2020-11-16,2576,13.34,13.44,13.55,13.25,37977,52186894.0,2.25,0.75,0.1,2.31
2020-11-17,2576,13.5,13.04,13.51,12.96,47158,63359525.0,4.09,-2.98,-0.4,2.87
2020-11-18,2576,13.05,13.18,13.25,12.88,39849,53433578.0,2.84,1.07,0.14,2.42
2020-11-19,2576,13.16,13.23,13.29,12.98,35254,47639095.0,2.35,0.38,0.05,2.14
2020-11-20,2576,13.23,13.28,13.4,13.1,35405,48261560.0,2.27,0.38,0.05,2.15
2020-11-23,2576,13.4,13.12,13.4,12.98,37492,50517967.0,3.16,-1.2,-0.16,2.28
2020-11-24,2576,13.15,13.06,13.36,13.01,32717,44256063.0,2.67,-0.46,-0.06,1.99
2020-11-25,2576,13.1,12.59,13.16,12.55,62874,82711421.0,4.67,-3.6,-0.47,3.82
2020-11-26,2576,12.5,12.47,12.64,12.31,43454,55634259.0,2.62,-0.95,-0.12,2.64
2020-11-27,2576,12.41,12.12,12.5,11.88,60351,75414287.0,4.97,-2.81,-0.35,3.67
2020-11-30,2576,12.1,11.98,12.23,11.94,39643,49358208.0,2.39,-1.16,-0.14,2.41
2020-12-01,2576,11.98,12.16,12.24,11.9,29959,37323195.0,2.84,1.5,0.18,1.82
2020-12-02,2576,12.21,12.22,12.3,12.05,30614,38251035.0,2.06,0.49,0.06,1.86
2020-12-03,2576,12.11,12.01,12.2,11.93,27998,34587945.0,2.21,-1.72,-0.21,1.7
2020-12-04,2576,12.07,11.78,12.07,11.74,33552,40855292.0,2.75,-1.92,-0.23,2.04
2020-12-07,2576,11.83,11.77,11.88,11.72,21432,26028020.0,1.36,-0.08,-0.01,1.3
2020-12-08,2576,11.76,11.87,11.93,11.6,28117,34147177.0,2.8,0.85,0.1,1.71
2020-12-09,2576,11.95,11.42,11.95,11.42,33307,39928793.0,4.47,-3.79,-0.45,2.03
2020-12-10,2576,11.36,11.53,11.67,11.31,20787,24655089.0,3.15,0.96,0.11,1.26
2020-12-11,2576,11.54,11.22,11.61,11.06,31575,36688431.0,4.77,-2.69,-0.31,1.92
2020-12-14,2576,11.18,11.5,11.57,11.18,29030,34192104.0,3.48,2.5,0.28,1.77
2020-12-15,2576,11.5,11.33,11.5,11.19,27313,31815454.0,2.7,-1.48,-0.17,1.66
2020-12-16,2576,11.41,11.28,11.42,11.2,19024,22200002.0,1.94,-0.44,-0.05,1.16
2020-12-17,2576,11.27,11.51,11.54,10.88,40392,46856190.0,5.85,2.04,0.23,2.46
2020-12-18,2576,11.47,11.45,11.68,11.4,32146,38188339.0,2.43,-0.52,-0.06,1.96
2020-12-21,2576,11.38,12.21,12.63,11.36,79984,99571934.0,11.09,6.64,0.76,4.86
2020-12-22,2576,12.08,11.68,12.25,11.6,57341,70209978.0,5.32,-4.34,-0.53,3.49
2020-12-23,2576,11.63,11.84,12.03,11.55,39900,48654310.0,4.11,1.37,0.16,2.43
2020-12-24,2576,11.8,11.42,11.82,11.27,35830,42459814.0,4.65,-3.55,-0.42,2.18
2020-12-25,2576,11.4,11.54,11.62,11.28,22101,26186335.0,2.98,1.05,0.12,1.34
2020-12-28,2576,11.54,11.28,11.67,11.25,28388,33354588.0,3.64,-2.25,-0.26,1.73
2020-12-29,2576,11.28,11.25,11.51,11.22,23134,27062891.0,2.57,-0.27,-0.03,1.41
2020-12-30,2576,11.16,11.03,11.25,10.98,30269,34598269.0,2.4,-1.96,-0.22,1.84
2020-12-31,2576,11.09,11.2,11.33,11.04,26816,30945217.0,2.63,1.54,0.17,1.63
2021-01-04,2576,11.28,11.6,11.74,11.21,48032,56792239.0,4.73,3.57,0.4,2.92
2021-01-05,2576,11.53,11.78,11.97,11.5,48322,58470752.0,4.05,1.55,0.18,2.94
2021-01-06,2576,11.78,11.33,11.83,11.27,34663,41014533.0,4.75,-3.82,-0.45,2.11
2021-01-07,2576,11.3,10.4,11.3,10.25,82805,91304625.0,9.27,-8.21,-0.93,5.04
2021-01-08,2576,10.37,10.1,10.37,9.96,49584,51807324.0,3.94,-2.88,-0.3,3.02
2021-01-11,2576,10.1,9.73,10.15,9.57,42598,43211417.0,5.74,-3.66,-0.37,2.59
2021-01-12,2576,9.76,9.8,9.93,9.65,23769,24181164.0,2.88,0.72,0.07,1.45
2021-01-13,2576,9.81,9.48,9.82,9.38,38442,37987889.0,4.49,-3.27,-0.32,2.34
2021-01-14,2576,9.45,9.53,9.59,9.31,22707,22369734.0,2.95,0.53,0.05,1.38
2021-01-15,2576,9.52,9.89,10.01,9.47,35675,36276649.0,5.67,3.78,0.36,2.17
2021-01-18,2576,9.9,10.11,10.2,9.77,33228,34540781.0,4.35,2.22,0.22,2.02
2021-01-19,2576,10.11,10.01,10.23,9.98,24262,25274375.0,2.47,-0.99,-0.1,1.48
2021-01-20,2576,10.0,10.1,10.19,9.95,20605,21428769.0,2.4,0.9,0.09,1.25
2021-01-21,2576,10.05,10.16,10.22,9.98,23017,24155692.0,2.38,0.59,0.06,1.4
2021-01-22,2576,10.16,10.1,10.2,9.97,20289,21109292.0,2.26,-0.59,-0.06,1.23
2021-01-25,2576,10.07,9.73,10.07,9.31,35940,36399483.0,7.52,-3.66,-0.37,2.19
2021-01-26,2576,9.68,9.81,9.91,9.63,18393,18598506.0,2.88,0.82,0.08,1.12
2021-01-27,2576,9.79,9.85,9.94,9.66,18714,19072257.0,2.85,0.41,0.04,1.14
2021-01-28,2576,9.79,9.93,10.15,9.4,26011,26810670.0,7.61,0.81,0.08,1.58
2021-01-29,2576,9.93,9.82,10.03,9.65,22872,23211089.0,3.83,-1.11,-0.11,1.39
2021-02-01,2576,9.63,9.84,9.99,9.53,18448,18767027.0,4.68,0.2,0.02,1.12
2021-02-02,2576,9.76,9.8,9.87,9.67,13060,13219140.0,2.03,-0.41,-0.04,0.79
2021-02-03,2576,9.82,9.44,9.82,9.44,21112,20999032.0,3.88,-3.67,-0.36,1.28
2021-02-04,2576,9.39,9.14,9.5,9.01,20827,19958695.0,5.19,-3.18,-0.3,1.27
2021-02-05,2576,9.07,8.88,9.34,8.79,22543,21109024.0,6.02,-2.84,-0.26,1.37
2021-02-08,2576,8.85,8.91,9.11,8.74,16895,15687805.0,4.17,0.34,0.03,1.03
2021-02-09,2576,8.83,9.17,9.24,8.83,16191,15271099.0,4.6,2.92,0.26,0.98
2021-02-10,2576,9.13,9.17,9.35,9.08,13648,12985349.0,2.94,0.0,0.0,0.83
2021-02-18,2576,9.31,9.57,9.6,9.25,21840,21521751.0,3.82,4.36,0.4,1.33
2021-02-19,2576,9.48,9.89,9.9,9.48,19660,19939862.0,4.39,3.34,0.32,1.2
2021-02-22,2576,9.88,10.03,10.27,9.83,32996,34420242.0,4.45,1.42,0.14,2.01
2021-02-23,2576,10.04,10.01,10.14,9.85,20733,21483561.0,2.89,-0.2,-0.02,1.26
2021-02-24,2576,10.02,10.03,10.22,9.96,19159,19976149.0,2.6,0.2,0.02,1.17
2021-02-25,2576,10.05,9.89,10.14,9.84,16037,16521233.0,2.99,-1.4,-0.14,0.98
2021-02-26,2576,9.85,10.08,10.08,9.79,17997,18580308.0,2.93,1.92,0.19,1.09
2021-03-01,2576,10.29,10.49,10.58,10.25,46782,50487716.0,3.27,4.07,0.41,2.85
2021-03-02,2576,10.49,10.61,10.85,10.46,42048,46281426.0,3.72,1.14,0.12,2.56
2021-03-03,2576,10.56,10.51,10.75,10.39,25558,27711388.0,3.39,-0.94,-0.1,1.55
2021-03-04,2576,10.42,10.45,10.7,10.38,26340,28757843.0,3.04,-0.57,-0.06,1.6
2021-03-05,2576,10.33,10.53,10.6,10.33,22513,24411077.0,2.58,0.77,0.08,1.37
2021-03-08,2576,10.55,10.52,10.73,10.42,26019,28393144.0,2.94,-0.09,-0.01,1.58
2021-03-09,2576,10.42,10.3,10.64,10.07,34943,37349571.0,5.42,-2.09,-0.22,2.13
2021-03-10,2576,10.38,10.14,10.45,10.13,21431,22704203.0,3.11,-1.55,-0.16,1.3
2021-03-11,2576,10.14,10.32,10.34,10.04,18624,19668495.0,2.96,1.78,0.18,1.13
2021-03-12,2576,10.38,10.55,10.56,10.15,24223,25954383.0,3.97,2.23,0.23,1.47
2021-03-15,2576,10.55,10.55,10.63,10.37,25287,27436731.0,2.46,0.0,0.0,1.54
2021-03-16,2576,10.53,10.76,10.78,10.48,29567,32607420.0,2.84,1.99,0.21,1.8
2021-03-17,2576,10.85,10.81,11.07,10.69,32767,36607531.0,3.53,0.46,0.05,1.99
2021-03-18,2576,10.65,10.58,10.8,10.56,25316,27826587.0,2.22,-2.13,-0.23,1.54
2021-03-19,2576,10.47,10.82,10.92,10.38,34548,38315276.0,5.1,2.27,0.24,2.1
2021-03-22,2576,11.94,11.94,11.94,11.74,96680,118779746.0,1.85,10.35,1.12,5.88
2021-03-23,2576,12.14,11.93,12.31,11.68,171805,211954809.0,5.28,-0.08,-0.01,10.45
2021-03-24,2576,11.56,11.48,11.95,11.43,78765,94448531.0,4.36,-3.77,-0.45,4.79
2021-03-25,2576,11.45,11.64,11.64,11.18,54391,63872312.0,4.01,1.39,0.16,3.31
2021-03-26,2576,11.57,11.6,11.85,11.48,53981,64888033.0,3.18,-0.34,-0.04,3.28
2021-03-29,2576,11.5,11.62,11.86,11.44,47725,57560105.0,3.62,0.17,0.02,2.9
2021-03-30,2576,11.55,11.82,12.06,11.51,63013,76889491.0,4.73,1.72,0.2,3.83
2021-03-31,2576,11.67,11.64,11.9,11.58,42183,50827374.0,2.71,-1.52,-0.18,2.57
2021-04-01,2576,11.61,11.45,11.7,11.3,43703,51526949.0,3.44,-1.63,-0.19,2.66
2021-04-02,2576,11.55,11.35,11.55,11.3,25423,29776791.0,2.18,-0.87,-0.1,1.55
2021-04-06,2576,11.35,11.43,11.54,11.35,20468,24110045.0,1.67,0.7,0.08,1.24
2021-04-07,2576,11.4,11.45,11.5,11.33,22571,26527209.0,1.49,0.17,0.02,1.37
2021-04-08,2576,11.4,11.35,11.48,11.26,23037,26974115.0,1.92,-0.87,-0.1,1.4
2021-04-09,2576,11.34,11.25,11.39,11.18,20389,23739628.0,1.85,-0.88,-0.1,1.24
2021-04-12,2576,11.26,11.14,11.3,11.1,20616,23736375.0,1.78,-0.98,-0.11,1.25
2021-04-13,2576,11.21,10.97,11.21,10.89,22751,25846176.0,2.87,-1.53,-0.17,1.38
2021-04-14,2576,11.0,11.06,11.08,10.97,19367,22029816.0,1.0,0.82,0.09,1.18
2021-04-15,2576,11.09,11.27,11.31,10.94,30154,34669523.0,3.35,1.9,0.21,1.83
2021-04-16,2576,11.27,11.42,11.47,11.19,24608,28856477.0,2.48,1.33,0.15,1.5
2021-04-19,2576,11.42,11.45,11.53,11.38,24280,28676406.0,1.31,0.26,0.03,1.48
2021-04-20,2576,11.46,11.33,11.51,11.33,20444,24029126.0,1.57,-1.05,-0.12,1.24
2021-04-21,2576,11.29,11.4,11.42,11.2,19472,22746078.0,1.94,0.62,0.07,1.18
2021-04-22,2576,11.36,11.61,11.67,11.36,37306,44428719.0,2.72,1.84,0.21,2.27
2021-04-23,2576,11.21,10.74,11.3,10.67,68008,76475251.0,5.43,-7.49,-0.87,4.14
2021-04-26,2576,10.73,10.58,10.91,10.56,32470,36000734.0,3.26,-1.49,-0.16,1.97
2021-04-27,2576,10.58,10.63,10.71,10.37,22483,24496142.0,3.21,0.47,0.05,1.37
2021-04-28,2576,10.61,10.55,10.76,10.48,23908,26210296.0,2.63,-0.75,-0.08,1.45
2021-04-29,2576,10.56,10.7,10.73,10.51,24059,26397447.0,2.09,1.42,0.15,1.46
2021-04-30,2576,10.74,10.38,10.83,10.22,35363,37984671.0,5.7,-2.99,-0.32,2.15
2021-05-06,2576,10.4,10.23,10.44,10.18,24919,26441773.0,2.5,-1.45,-0.15,1.52
2021-05-07,2576,10.22,10.19,10.25,10.13,21466,22598906.0,1.17,-0.39,-0.04,1.31
2021-05-10,2576,10.19,10.17,10.24,10.07,24386,25527021.0,1.67,-0.2,-0.02,1.48
2021-05-11,2576,10.15,10.18,10.23,10.1,17321,18185421.0,1.28,0.1,0.01,1.05
2021-05-12,2576,10.19,10.23,10.28,10.05,18093,19051250.0,2.26,0.49,0.05,1.1
2021-05-13,2576,10.18,10.19,10.35,10.15,19890,21067668.0,1.96,-0.39,-0.04,1.21
2021-05-14,2576,10.23,10.38,10.45,10.12,28338,30219111.0,3.24,1.86,0.19,1.72
2021-05-17,2576,10.43,10.42,10.44,10.26,22217,23723284.0,1.73,0.39,0.04,1.35
2021-05-18,2576,10.63,10.49,10.63,10.43,65094,70745052.0,1.92,0.67,0.07,3.96
2021-05-19,2576,10.44,10.2,10.44,10.1,46257,48667192.0,3.24,-2.76,-0.29,2.81
2021-05-20,2576,10.13,10.14,10.19,10.1,18557,19453187.0,0.88,-0.59,-0.06,1.13
2021-05-21,2576,10.14,10.15,10.34,10.12,14915,15725568.0,2.17,0.1,0.01,0.91
2021-05-24,2576,10.11,10.06,10.17,10.05,16390,17125763.0,1.18,-0.89,-0.09,1.0
2021-05-25,2576,10.06,10.06,10.13,9.97,18190,18881047.0,1.59,0.0,0.0,1.11
2021-05-26,2576,10.07,10.17,10.17,10.01,22807,23854464.0,1.59,1.09,0.11,1.39
2021-05-27,2576,10.15,10.29,10.3,10.13,25018,26527192.0,1.67,1.18,0.12,1.52
2021-05-28,2576,10.31,10.16,10.35,10.13,22518,23782146.0,2.14,-1.26,-0.13,1.37
2021-05-31,2576,10.15,10.26,10.27,10.11,18806,19859290.0,1.57,0.98,0.1,1.14
2021-06-01,2576,10.26,10.29,10.31,10.21,17336,18421657.0,0.97,0.29,0.03,1.05
2021-06-02,2576,10.28,10.29,10.38,10.2,23586,25081140.0,1.75,0.0,0.0,1.43
2021-06-03,2576,10.25,10.19,10.36,10.18,25931,27537222.0,1.75,-0.97,-0.1,1.58
2021-06-04,2576,10.24,10.19,10.26,10.17,17766,18776278.0,0.88,0.0,0.0,1.08
2021-06-07,2576,10.14,10.19,10.26,10.12,14955,15758885.0,1.37,0.0,0.0,0.91
2021-06-08,2576,10.19,10.21,10.24,10.15,16292,17170186.0,0.88,0.2,0.02,0.99
2021-06-09,2576,10.21,10.39,10.51,10.16,36054,38691961.0,3.43,1.76,0.18,2.19
2021-06-10,2576,10.41,10.45,10.54,10.39,29269,31667383.0,1.44,0.58,0.06,1.78
2021-06-11,2576,10.41,10.45,10.58,10.41,24370,26479439.0,1.63,0.0,0.0,1.48
2021-06-15,2576,10.5,10.71,10.71,10.44,34663,38039052.0,2.58,2.49,0.26,2.11
2021-06-16,2576,10.73,10.51,10.73,10.5,30090,32932067.0,2.15,-1.87,-0.2,1.83
2021-06-17,2576,10.5,10.64,10.74,10.46,23787,26075689.0,2.66,1.24,0.13,1.45
2021-06-18,2576,10.65,10.69,10.7,10.45,21057,23029926.0,2.35,0.47,0.05,1.28
2021-06-21,2576,10.66,10.93,10.99,10.62,34265,38315412.0,3.46,2.25,0.24,2.08
2021-06-22,2576,10.93,11.0,11.1,10.79,30138,34053480.0,2.84,0.64,0.07,1.83
2021-06-23,2576,11.0,10.98,11.05,10.87,19590,22116399.0,1.64,-0.18,-0.02,1.19
2021-06-24,2576,10.94,11.01,11.01,10.8,21648,24403391.0,1.91,0.27,0.03,1.32
2021-06-25,2576,11.09,10.91,11.09,10.84,21373,23931929.0,2.27,-0.91,-0.1,1.3
2021-06-28,2576,10.91,10.94,11.02,10.86,16651,18622997.0,1.47,0.27,0.03,1.01
2021-06-29,2576,10.9,10.66,10.99,10.64,18774,20707983.0,3.2,-2.56,-0.28,1.14
2021-06-30,2576,10.68,11.19,11.2,10.65,46356,52509092.0,5.16,4.97,0.53,2.82
2021-07-01,2576,11.15,10.84,11.15,10.75,28225,31623614.0,3.57,-3.13,-0.35,1.72
2021-07-02,2576,10.79,10.95,11.08,10.79,24953,27971909.0,2.68,1.01,0.11,1.52
2021-07-05,2576,10.97,11.13,11.29,10.97,26918,30667034.0,2.92,1.64,0.18,1.64
2021-07-06,2576,11.13,11.06,11.2,10.9,25641,28889303.0,2.7,-0.63,-0.07,1.56
2021-07-07,2576,10.97,11.02,11.14,10.96,20061,22642240.0,1.63,-0.36,-0.04,1.22
2021-07-08,2576,11.05,11.17,11.19,10.97,29812,33860849.0,2.0,1.36,0.15,1.81
2021-07-09,2576,11.25,11.17,11.25,11.01,30702,35023156.0,2.15,0.0,0.0,1.87
2021-07-12,2576,11.19,11.29,11.37,11.18,33621,38789397.0,1.7,1.07,0.12,2.04
2021-07-13,2576,11.29,11.54,11.69,11.2,46703,54861120.0,4.34,2.21,0.25,2.84
2021-07-14,2576,11.54,11.4,11.64,11.38,26012,30514410.0,2.25,-1.21,-0.14,1.58
2021-07-15,2576,11.4,11.18,11.49,11.01,37320,42620445.0,4.21,-1.93,-0.22,2.27
2021-07-16,2576,11.24,11.23,11.36,11.15,23536,27106497.0,1.88,0.45,0.05,1.43
2021-07-19,2576,11.29,11.22,11.38,11.13,19956,22920611.0,2.23,-0.09,-0.01,1.21
2021-07-20,2576,11.09,11.29,11.35,11.01,21857,25157883.0,3.03,0.62,0.07,1.33
2021-07-21,2576,11.29,11.24,11.41,11.15,30380,34953404.0,2.3,-0.44,-0.05,1.85
2021-07-22,2576,11.33,11.54,11.66,11.17,48180,56373514.0,4.36,2.67,0.3,2.93
2021-07-23,2576,11.51,11.67,11.67,11.34,45069,52907981.0,2.86,1.13,0.13,2.74
2021-07-26,2576,11.89,11.37,11.92,11.21,65841,77332648.0,6.08,-2.57,-0.3,4.0
2021-07-27,2576,11.29,11.29,11.64,11.2,48938,57389205.0,3.87,-0.7,-0.08,2.98
2021-07-28,2576,11.17,10.42,11.22,10.34,59349,64510991.0,7.79,-7.71,-0.87,3.61
2021-07-29,2576,10.45,10.9,11.09,10.45,50474,56142912.0,6.14,4.61,0.48,3.07
2021-07-30,2576,10.86,11.4,11.48,10.85,48512,55686415.0,5.78,4.59,0.5,2.95
2021-08-02,2576,12.15,11.69,12.15,11.5,68180,81617347.0,5.7,2.54,0.29,4.15
2021-08-03,2576,11.71,11.51,11.79,11.45,39059,46315028.0,2.91,-1.54,-0.18,2.38
2021-08-04,2576,11.56,11.68,11.79,11.52,36567,43614978.0,2.35,1.48,0.17,2.22
2021-08-05,2576,11.65,11.87,11.91,11.55,44682,53889038.0,3.08,1.63,0.19,2.72
2021-08-06,2576,11.83,11.99,12.04,11.72,42472,51603915.0,2.7,1.01,0.12,2.58
2021-08-09,2576,11.98,12.28,12.36,11.85,65384,81097930.0,4.25,2.42,0.29,3.98
2021-08-10,2576,12.28,13.53,13.53,12.18,124948,168686415.0,10.99,10.18,1.25,7.6
2021-08-11,2576,13.57,13.0,13.57,12.95,183218,245399036.0,4.58,-3.92,-0.53,11.14
2021-08-12,2576,13.05,12.7,13.07,12.67,113440,148272000.0,3.08,-2.31,-0.3,6.9
2021-08-13,2576,12.66,12.75,12.9,12.6,83168,108145417.0,2.36,0.39,0.05,5.06
2021-08-16,2576,12.77,12.54,13.05,12.51,75709,98443987.0,4.24,-1.65,-0.21,4.6
2021-08-17,2576,12.53,12.26,12.77,12.17,60509,77172449.0,4.78,-2.23,-0.28,3.68
2021-08-18,2576,12.25,12.36,12.57,12.17,41406,52387247.0,3.26,0.82,0.1,2.52
2021-08-19,2576,12.36,12.28,12.37,12.1,39576,49393751.0,2.18,-0.65,-0.08,2.41
2021-08-20,2576,12.22,12.35,12.39,12.01,36131,45131969.0,3.09,0.57,0.07,2.2
2021-08-23,2576,12.57,12.88,12.93,12.39,61420,79596150.0,4.37,4.29,0.53,3.74
2021-08-24,2576,12.94,12.9,12.94,12.67,48276,63184476.0,2.1,0.16,0.02,2.94
2021-08-25,2576,12.88,13.23,13.34,12.73,62409,83555007.0,4.73,2.56,0.33,3.8
2021-08-26,2576,13.25,13.91,14.01,13.25,123259,172821957.0,5.74,5.14,0.68,7.5
2021-08-27,2576,13.95,13.44,14.05,13.41,85483,118345856.0,4.6,-3.38,-0.47,5.2
2021-08-30,2576,13.44,13.11,13.55,13.06,66441,89448509.0,3.65,-2.46,-0.33,4.04
2021-08-31,2576,13.24,13.2,13.52,12.91,51508,69416449.0,4.65,0.69,0.09,3.13
2021-09-01,2576,13.2,12.95,13.66,12.93,78181,105614612.0,5.53,-1.89,-0.25,4.76
2021-09-02,2576,12.87,13.99,14.27,12.82,209944,299050288.0,11.2,8.03,1.04,12.77
2021-09-03,2576,13.94,13.98,14.35,13.63,124286,176708491.0,5.15,-0.07,-0.01,7.56
2021-09-06,2576,13.94,15.15,15.23,13.64,186007,275736256.0,11.37,8.37,1.17,11.31
2021-09-07,2576,15.06,14.78,15.06,14.56,131033,196350292.0,3.3,-2.44,-0.37,7.97
2021-09-08,2576,14.73,14.78,14.9,14.33,105934,156777139.0,3.86,0.0,0.0,6.44
2021-09-09,2576,14.6,14.42,14.6,14.16,78357,114358270.0,2.98,-2.44,-0.36,4.77
2021-09-10,2576,14.3,14.6,14.71,14.11,84905,124740297.0,4.16,1.25,0.18,5.16
2021-09-13,2576,14.75,14.89,15.18,14.67,96851,147317930.0,3.49,1.99,0.29,5.89
2021-09-14,2576,14.65,14.01,14.66,13.96,96735,140245502.0,4.7,-5.91,-0.88,5.88
2021-09-15,2576,14.05,15.44,15.44,13.91,150978,228983442.0,10.92,10.21,1.43,9.18
2021-09-16,2576,15.81,15.3,16.19,15.11,172806,274396576.0,6.99,-0.91,-0.14,10.51
2021-09-17,2576,15.55,16.4,16.59,15.2,185817,302715280.0,9.08,7.19,1.1,11.3
2021-09-22,2576,16.07,16.74,17.51,16.05,170652,290297760.0,8.9,2.07,0.34,10.38
2021-09-23,2576,16.74,16.26,16.74,16.16,106857,177543059.0,3.46,-2.87,-0.48,6.5
2021-09-24,2576,16.0,17.02,17.71,15.65,148432,248106364.0,12.67,4.67,0.76,9.03
2021-09-27,2576,17.22,16.49,18.25,15.55,196851,339406944.0,15.86,-3.11,-0.53,11.97
2021-09-28,2576,16.43,16.72,17.14,15.9,142086,239771620.0,7.52,1.39,0.23,8.64
2021-09-29,2576,15.95,15.02,15.96,15.02,140862,219261265.0,5.62,-10.17,-1.7,8.57
2021-09-30,2576,14.52,15.85,16.1,14.52,133382,211846085.0,10.52,5.53,0.83,8.11
2021-10-08,2576,15.85,14.92,16.04,14.7,112838,173318749.0,8.45,-5.87,-0.93,6.86
2021-10-11,2576,15.03,13.7,15.07,13.6,104678,148414958.0,9.85,-8.18,-1.22,6.37
2021-10-12,2576,13.7,13.39,13.82,12.98,84790,115136246.0,6.13,-2.26,-0.31,5.16
2021-10-13,2576,13.62,13.04,13.62,12.54,93743,123314349.0,8.07,-2.61,-0.35,5.7
2021-10-14,2576,12.99,13.96,14.21,12.99,100507,140306098.0,9.36,7.06,0.92,6.11
2021-10-15,2576,13.93,13.79,14.02,13.5,60303,84348085.0,3.72,-1.22,-0.17,3.67
2021-10-18,2576,14.01,13.8,14.07,13.63,55070,77687215.0,3.19,0.07,0.01,3.35
2021-10-19,2576,13.8,14.25,14.59,13.72,70848,102602515.0,6.3,3.26,0.45,4.31
2021-10-20,2576,14.23,14.44,14.64,13.94,67664,99154859.0,4.91,1.33,0.19,4.12
2021-10-21,2576,14.44,13.98,14.44,13.87,64000,91629361.0,3.95,-3.19,-0.46,3.89
2021-10-22,2576,13.97,13.67,14.02,13.62,42620,59864313.0,2.86,-2.22,-0.31,2.59
2021-10-25,2576,13.6,14.22,14.33,13.55,56769,81560904.0,5.71,4.02,0.55,3.45
2021-10-26,2576,14.22,14.24,14.7,14.11,63695,93222062.0,4.15,0.14,0.02,3.87
2021-10-27,2576,14.4,14.42,14.65,14.12,80374,117770949.0,3.72,1.26,0.18,4.89
2021-10-28,2576,14.34,14.95,15.06,13.89,144417,215166225.0,8.11,3.68,0.53,8.78
2021-10-29,2576,14.77,15.83,16.34,14.55,185575,288925760.0,11.97,5.89,0.88,11.29
2021-11-01,2576,15.77,17.44,17.44,15.45,222000,377446736.0,12.57,10.17,1.61,13.5
2021-11-02,2576,17.93,18.41,19.21,17.61,421480,798760784.0,9.17,5.56,0.97,25.64
2021-11-03,2576,18.49,17.15,18.75,16.71,299158,534288272.0,11.08,-6.84,-1.26,18.2
2021-11-04,2576,17.15,18.89,18.89,16.43,271599,492053472.0,14.34,10.15,1.74,16.52
2021-11-05,2576,18.88,17.97,19.01,17.87,227573,423100176.0,6.03,-4.87,-0.92,13.84
2021-11-08,2576,17.74,17.32,17.96,17.0,164175,289507776.0,5.34,-3.62,-0.65,9.99
2021-11-09,2576,17.97,17.51,18.2,17.07,121472,216700558.0,6.52,1.1,0.19,7.39
2021-11-10,2576,17.05,16.81,17.05,16.5,113629,193108817.0,3.14,-4.0,-0.7,6.91
2021-11-11,2576,16.72,16.4,16.93,16.32,111494,186988471.0,3.63,-2.44,-0.41,6.78
2021-11-12,2576,16.59,18.07,18.07,16.45,174806,311644784.0,9.88,10.18,1.67,10.63
2021-11-15,2576,18.63,19.9,19.9,18.34,186709,366752800.0,8.63,10.13,1.83,11.36
2021-11-16,2576,20.35,19.52,20.49,18.66,292175,577982448.0,9.2,-1.91,-0.38,17.77
2021-11-17,2576,19.64,20.52,21.1,19.1,238892,489270320.0,10.25,5.12,1.0,14.53
2021-11-18,2576,20.62,19.87,21.03,19.83,163755,335094000.0,5.85,-3.17,-0.65,9.96
2021-11-19,2576,20.16,19.57,20.55,19.45,125497,251493943.0,5.54,-1.51,-0.3,7.63
2021-11-22,2576,19.99,19.78,20.08,19.26,115355,230100399.0,4.19,1.07,0.21,7.02
2021-11-23,2576,20.36,20.07,20.73,19.57,170507,346984464.0,5.86,1.47,0.29,10.37
2021-11-24,2576,19.79,18.93,19.99,18.81,177465,346011120.0,5.88,-5.68,-1.14,10.79
2021-11-25,2576,19.01,19.36,19.44,18.46,138411,266668708.0,5.18,2.27,0.43,8.42
2021-11-26,2576,19.25,18.74,19.25,18.33,125502,238353623.0,4.75,-3.2,-0.62,7.63
2021-11-29,2576,18.38,19.54,20.04,18.25,138879,271370192.0,9.55,4.27,0.8,8.45
2021-11-30,2576,19.54,19.37,19.88,19.16,116247,229095429.0,3.68,-0.87,-0.17,7.07
2021-12-01,2576,19.23,19.18,19.56,18.55,89467,172305387.0,5.21,-0.98,-0.19,5.44
2021-12-02,2576,19.09,18.13,19.09,18.13,97661,182512703.0,5.01,-5.47,-1.05,5.94
2021-12-03,2576,18.13,18.43,18.72,17.92,75935,141264749.0,4.41,1.65,0.3,4.62
2021-12-06,2576,18.53,18.15,19.85,17.85,151981,289718992.0,10.85,-1.52,-0.28,9.24
2021-12-07,2576,18.41,17.78,18.6,17.04,133229,238472136.0,8.6,-2.04,-0.37,8.1
2021-12-08,2576,17.91,17.88,18.83,17.65,114039,210748515.0,6.64,0.56,0.1,6.94
2021-12-09,2576,17.88,17.94,18.15,17.49,74812,135550319.0,3.69,0.34,0.06,4.55
2021-12-10,2576,17.97,17.96,18.43,17.69,59694,109351845.0,4.12,0.11,0.02,3.63
2021-12-13,2576,17.87,17.81,18.15,17.37,79230,142236216.0,4.34,-0.84,-0.15,4.82
2021-12-14,2576,17.71,17.97,18.08,17.5,64704,116796326.0,3.26,0.9,0.16,3.94
2021-12-15,2576,17.84,18.18,18.6,17.62,95432,176005000.0,5.45,1.17,0.21,5.8
2021-12-16,2576,18.25,18.35,18.57,17.95,67212,124550535.0,3.41,0.94,0.17,4.09
2021-12-17,2576,18.35,19.1,19.21,18.11,131515,251369931.0,5.99,4.09,0.75,8.0
2021-12-20,2576,18.95,18.82,19.53,18.24,118343,226767873.0,6.75,-1.47,-0.28,7.2
2021-12-21,2576,18.8,17.83,18.85,17.6,98610,180023832.0,6.64,-5.26,-0.99,6.0
2021-12-22,2576,17.45,17.49,17.98,17.28,54826,97678250.0,3.93,-1.91,-0.34,3.33
2021-12-23,2576,17.49,17.8,17.93,17.31,42007,75343799.0,3.54,1.77,0.31,2.55
2021-12-24,2576,17.82,16.87,17.89,16.87,48996,86027401.0,5.73,-5.22,-0.93,2.98
2021-12-27,2576,16.87,16.64,17.3,16.54,46980,80140693.0,4.51,-1.36,-0.23,2.86
2021-12-28,2576,16.85,16.86,16.87,16.42,35421,59846917.0,2.7,1.32,0.22,2.15
2021-12-29,2576,16.85,16.24,16.98,16.21,63279,106336117.0,4.57,-3.68,-0.62,3.85
2021-12-30,2576,16.41,16.28,16.55,16.15,41943,69562435.0,2.46,0.25,0.04,2.55
2021-12-31,2576,16.33,16.35,16.71,16.25,36924,61646220.0,2.83,0.43,0.07,2.25
2022-01-04,2576,16.4,16.45,16.62,16.19,34707,57652960.0,2.63,0.61,0.1,2.11
2022-01-05,2576,16.45,15.53,16.55,15.48,61223,98197152.0,6.5,-5.59,-0.92,3.72
2022-01-06,2576,15.53,15.74,15.93,15.41,36587,58557893.0,3.35,1.35,0.21,2.23
2022-01-07,2576,15.74,15.11,15.81,15.09,59009,92006926.0,4.57,-4.0,-0.63,3.59
2022-01-10,2576,15.2,15.21,15.38,14.92,26715,41194759.0,3.04,0.66,0.1,1.62
2022-01-11,2576,15.21,14.99,15.38,14.91,28445,43832328.0,3.09,-1.45,-0.22,1.73
2022-01-12,2576,15.13,15.9,15.99,15.13,67571,106651959.0,5.74,6.07,0.91,4.11
2022-01-13,2576,15.83,15.65,15.9,15.51,40416,64374126.0,2.45,-1.57,-0.25,2.46
2022-01-14,2576,15.55,15.32,15.83,15.22,40379,63534260.0,3.9,-2.11,-0.33,2.46
2022-01-17,2576,15.34,15.67,15.79,15.25,30781,48875388.0,3.52,2.28,0.35,1.87
2022-01-18,2576,15.53,15.53,15.8,15.38,28900,45504532.0,2.68,-0.89,-0.14,1.76
2022-01-19,2576,15.54,15.39,15.56,15.26,23564,36831367.0,1.93,-0.9,-0.14,1.43
2022-01-20,2576,15.4,14.39,15.45,14.3,68691,102549118.0,7.47,-6.5,-1.0,4.18
2022-01-21,2576,14.38,14.13,14.52,14.01,43677,62965252.0,3.54,-1.81,-0.26,2.66
2022-01-24,2576,14.12,14.18,14.32,14.01,36052,51988777.0,2.19,0.35,0.05,2.19
2022-01-25,2576,14.11,13.43,14.33,13.4,62295,87286566.0,6.56,-5.29,-0.75,3.79
2022-01-26,2576,13.63,13.93,14.0,13.53,41275,58061713.0,3.5,3.72,0.5,2.51
2022-01-27,2576,13.95,13.59,13.95,13.54,28896,40321226.0,2.94,-2.44,-0.34,1.76
2022-01-28,2576,13.6,14.14,14.34,13.39,42439,60313311.0,6.99,4.05,0.55,2.58
2022-02-07,2576,14.44,14.43,14.72,14.16,29871,43786637.0,3.96,2.05,0.29,1.82
2022-02-08,2576,14.42,14.5,14.51,14.2,33496,48931638.0,2.15,0.49,0.07,2.04
2022-02-09,2576,14.49,14.57,14.57,14.31,31641,46593646.0,1.79,0.48,0.07,1.92
2022-02-10,2576,14.57,14.28,14.62,14.09,39853,57926724.0,3.64,-1.99,-0.29,2.42
2022-02-11,2576,14.29,13.78,14.34,13.72,31694,44911563.0,4.34,-3.5,-0.5,1.93
2022-02-14,2576,13.65,13.87,14.11,13.62,25615,36233238.0,3.56,0.65,0.09,1.56
2022-02-15,2576,13.94,14.04,14.11,13.74,23250,33035850.0,2.67,1.23,0.17,1.41
2022-02-16,2576,14.21,14.15,14.29,13.99,25007,36020413.0,2.14,0.78,0.11,1.52
2022-02-17,2576,14.14,14.21,14.27,14.02,28072,40542680.0,1.77,0.42,0.06,1.71
2022-02-18,2576,14.06,14.15,14.17,13.9,21297,30483862.0,1.9,-0.42,-0.06,1.3
2022-02-21,2576,14.21,14.7,14.71,14.06,38561,56857329.0,4.59,3.89,0.55,2.35
2022-02-22,2576,14.56,14.92,15.04,14.5,60023,90555790.0,3.67,1.5,0.22,3.65
2022-02-23,2576,14.86,15.07,15.2,14.76,39448,60234943.0,2.95,1.01,0.15,2.4
2022-02-24,2576,15.15,14.55,15.3,14.33,57784,86986774.0,6.44,-3.45,-0.52,3.51
2022-02-25,2576,14.7,14.7,15.0,14.68,31364,47241870.0,2.2,1.03,0.15,1.91
2022-02-28,2576,14.87,14.86,14.91,14.37,28087,41890362.0,3.67,1.09,0.16,1.71
2022-03-01,2576,15.03,14.76,15.18,14.71,28793,43623447.0,3.16,-0.67,-0.1,1.75
2022-03-02,2576,14.7,14.66,14.9,14.45,40765,60686805.0,3.05,-0.68,-0.1,2.48
2022-03-03,2576,14.76,13.8,14.81,13.74,94486,135005677.0,7.3,-5.87,-0.86,5.75
2022-03-04,2576,13.73,13.87,14.3,13.56,65488,93625605.0,5.36,0.51,0.07,3.98
2022-03-07,2576,13.74,13.81,13.99,13.55,32989,46220814.0,3.17,-0.43,-0.06,2.01
2022-03-08,2576,13.83,13.21,13.95,13.18,45264,62061719.0,5.58,-4.34,-0.6,2.75
2022-03-09,2576,13.21,12.86,13.39,12.27,38839,50894580.0,8.48,-2.65,-0.35,2.36
2022-03-10,2576,13.31,13.13,13.59,13.07,29113,39380862.0,4.04,2.1,0.27,1.77
2022-03-11,2576,12.96,13.51,13.54,12.89,40174,54311580.0,4.95,2.89,0.38,2.44
2022-03-14,2576,13.51,13.05,13.6,13.01,28687,38632818.0,4.37,-3.4,-0.46,1.74
2022-03-15,2576,12.76,12.23,13.05,12.16,35172,45347866.0,6.82,-6.28,-0.82,2.14
2022-03-16,2576,12.4,12.76,12.82,12.08,35951,45847815.0,6.05,4.33,0.53,2.19
2022-03-17,2576,12.85,12.98,13.15,12.85,29853,39652827.0,2.35,1.72,0.22,1.82
2022-03-18,2576,12.85,13.9,14.18,12.85,75266,104810294.0,10.25,7.09,0.92,4.58
2022-03-21,2576,14.14,14.45,14.83,13.79,83429,123067845.0,7.48,3.96,0.55,5.07
2022-03-22,2576,13.93,13.05,14.4,13.0,127898,174364137.0,9.69,-9.69,-1.4,7.78
2022-03-23,2576,13.06,12.91,13.2,12.87,52931,70180726.0,2.53,-1.07,-0.14,3.22
2022-03-24,2576,12.84,12.65,12.86,12.48,42403,54666463.0,2.94,-2.01,-0.26,2.58
2022-03-25,2576,12.65,12.47,12.75,12.45,26188,33578463.0,2.37,-1.42,-0.18,1.59
2022-03-28,2576,12.33,12.17,12.71,12.1,46331,58458132.0,4.89,-2.41,-0.3,2.82
2022-03-29,2576,12.17,11.71,12.25,11.62,54978,66378213.0,5.18,-3.78,-0.46,3.34
2022-03-30,2576,11.8,11.76,11.91,11.59,38066,45673595.0,2.73,0.43,0.05,2.32
2022-03-31,2576,11.76,11.74,11.96,11.62,26393,31775497.0,2.89,-0.17,-0.02,1.61
2022-04-01,2576,11.81,11.61,11.81,11.44,25000,29528608.0,3.15,-1.11,-0.13,1.52
2022-04-06,2576,11.6,11.78,11.93,11.52,24876,29888551.0,3.53,1.46,0.17,1.51
2022-04-07,2576,11.79,11.4,11.79,11.36,27804,32692644.0,3.65,-3.23,-0.38,1.69
2022-04-08,2576,11.45,11.26,11.46,10.94,37522,42905716.0,4.56,-1.23,-0.14,2.28
2022-04-11,2576,11.19,10.71,11.21,10.69,34142,37820684.0,4.62,-4.88,-0.55,2.08
2022-04-12,2576,10.66,10.95,10.96,10.55,30931,34107250.0,3.83,2.24,0.24,1.88
2022-04-13,2576,10.92,10.65,10.92,10.65,20476,22455049.0,2.47,-2.74,-0.3,1.25
2022-04-14,2576,10.65,10.68,10.87,10.65,18461,20312957.0,2.07,0.28,0.03,1.12
2022-04-15,2576,10.63,10.43,10.63,10.36,22879,24526420.0,2.53,-2.34,-0.25,1.39
2022-04-18,2576,10.43,10.6,10.63,10.2,21401,22999072.0,4.12,1.63,0.17,1.3
2022-04-19,2576,10.65,10.63,10.73,10.5,19973,21756916.0,2.17,0.28,0.03,1.21
2022-04-20,2576,10.7,10.48,10.78,10.31,22522,24427201.0,4.42,-1.41,-0.15,1.37
2022-04-21,2576,10.48,9.97,10.55,9.95,34136,35565225.0,5.73,-4.87,-0.51,2.08
2022-04-22,2576,9.94,9.84,10.01,9.72,25068,25258207.0,2.91,-1.3,-0.13,1.52
2022-04-25,2576,9.68,8.84,9.68,8.83,42833,40476891.0,8.64,-10.16,-1.0,2.61
2022-04-26,2576,8.81,8.46,8.96,8.46,35608,31982393.0,5.66,-4.3,-0.38,2.17
2022-04-27,2576,8.46,8.65,8.7,8.21,40820,35516744.0,5.79,2.25,0.19,2.48
2022-04-28,2576,8.55,8.66,8.79,8.55,38051,33926653.0,2.77,0.12,0.01,2.31
2022-04-29,2576,8.68,9.06,9.14,8.66,36525,33639642.0,5.54,4.62,0.4,2.22
2022-05-05,2576,9.09,9.05,9.22,8.92,27132,25349824.0,3.31,-0.11,-0.01,1.65
2022-05-06,2576,8.9,8.89,8.99,8.8,16169,14792300.0,2.1,-1.77,-0.16,0.98
2022-05-09,2576,8.94,9.0,9.09,8.94,15833,14683530.0,1.69,1.24,0.11,0.96
2022-05-10,2576,8.94,9.31,9.67,8.77,52011,49717200.0,10.0,3.44,0.31,3.16
2022-05-11,2576,9.58,9.47,9.94,9.47,60799,60419359.0,5.05,1.72,0.16,3.7
2022-05-12,2576,9.36,9.55,9.62,9.3,30821,29987155.0,3.38,0.84,0.08,1.87
2022-05-13,2576,9.55,9.48,9.59,9.38,25768,25078224.0,2.2,-0.73,-0.07,1.57
2022-05-16,2576,9.63,9.43,9.63,9.39,19883,19377088.0,2.53,-0.53,-0.05,1.21
2022-05-17,2576,9.5,9.5,9.52,9.28,20793,20109057.0,2.55,0.74,0.07,1.26
2022-05-18,2576,9.54,9.73,9.87,9.46,42863,42788918.0,4.32,2.42,0.23,2.61
2022-05-19,2576,9.58,10.08,10.21,9.54,47722,48652913.0,6.89,3.6,0.35,2.9
2022-05-20,2576,10.09,10.38,10.62,9.89,70481,73807827.0,7.24,2.98,0.3,4.29
2022-05-23,2576,11.44,11.44,11.44,11.44,13690,16003750.0,0.0,10.21,1.06,0.83
2022-05-24,2576,12.61,12.61,12.61,12.61,55404,71249531.0,0.0,10.23,1.17,3.37
2022-05-25,2576,12.3,13.9,13.9,11.62,338844,437747584.0,18.08,10.23,1.29,20.61
2022-05-26,2576,14.34,12.97,14.95,12.85,381038,545065472.0,15.11,-6.69,-0.93,23.18
2022-05-27,2576,11.71,11.86,12.8,11.71,271062,333312864.0,8.4,-8.56,-1.11,16.49
2022-05-30,2576,11.88,11.46,12.05,11.15,185689,217139907.0,7.59,-3.37,-0.4,11.29
2022-05-31,2576,11.47,12.06,12.6,11.11,208585,249070767.0,13.0,5.24,0.6,12.69
2022-06-01,2576,11.85,11.53,12.06,11.51,158241,189891282.0,4.56,-4.39,-0.53,9.62
2022-06-02,2576,11.46,11.78,11.9,11.43,114773,136959813.0,4.08,2.17,0.25,6.98
2022-06-06,2576,11.69,12.06,12.31,11.65,133094,162331985.0,5.6,2.38,0.28,8.1
2022-06-07,2576,12.01,11.57,12.06,11.41,121027,143782430.0,5.39,-4.06,-0.49,7.36
2022-06-08,2576,11.67,11.55,11.75,11.18,80959,94483082.0,4.93,-0.17,-0.02,4.92
2022-06-09,2576,11.64,11.05,11.69,11.0,80796,92879223.0,5.97,-4.33,-0.5,4.91
2022-06-10,2576,11.06,11.58,11.87,10.76,94871,111376131.0,10.05,4.8,0.53,5.77
2022-06-13,2576,11.66,11.85,12.05,11.51,102310,123481187.0,4.66,2.33,0.27,6.22
2022-06-14,2576,11.75,12.4,12.54,11.39,174194,214334325.0,9.7,4.64,0.55,10.59
2022-06-15,2576,12.3,11.83,12.43,11.8,123285,151637642.0,5.08,-4.6,-0.57,7.5
2022-06-16,2576,11.93,11.87,11.98,11.65,69674,84018503.0,2.79,0.34,0.04,4.24
2022-06-17,2576,11.68,13.08,13.08,11.62,196346,252844982.0,12.3,10.19,1.21,11.94
2022-06-20,2576,13.33,14.41,14.41,13.02,343588,480554000.0,10.63,10.17,1.33,20.9
2022-06-21,2576,13.75,13.43,14.0,13.11,220431,306254144.0,6.18,-6.8,-0.98,13.41
2022-06-22,2576,13.74,14.38,14.45,13.53,241685,343812048.0,6.85,7.07,0.95,14.7
2022-06-23,2576,13.75,14.18,14.96,13.55,220104,316333632.0,9.81,-1.39,-0.2,13.39
2022-06-24,2576,14.12,14.75,14.85,13.82,198226,291568768.0,7.26,4.02,0.57,12.06
2022-06-27,2576,14.57,14.45,15.33,14.32,152304,227482108.0,6.85,-2.03,-0.3,9.26
2022-06-28,2576,14.29,14.4,14.73,14.03,117847,172076539.0,4.84,-0.35,-0.05,7.17
2022-06-29,2576,14.27,13.17,14.4,13.1,154510,212954860.0,9.03,-8.54,-1.23,9.4
2022-06-30,2576,13.19,13.2,13.69,12.92,79697,107332567.0,5.85,0.23,0.03,4.92
2022-07-01,2576,13.15,13.27,13.39,13.07,51255,69086684.0,2.42,0.53,0.07,3.17
2022-07-04,2576,13.55,13.71,13.74,13.18,68238,94432180.0,4.22,3.32,0.44,4.21
2022-07-05,2576,13.53,13.21,13.65,13.01,75338,101843664.0,4.67,-3.65,-0.5,4.65
2022-07-06,2576,13.15,13.25,13.43,12.97,50799,68433088.0,3.48,0.3,0.04,3.14
2022-07-07,2576,13.27,13.49,13.53,13.0,69794,94698897.0,4.0,1.81,0.24,4.31
2022-07-08,2576,13.44,13.22,13.55,12.94,81735,109560247.0,4.52,-2.0,-0.27,5.05
2022-07-11,2576,13.22,14.56,14.56,12.98,251750,363047776.0,11.95,10.14,1.34,15.55
2022-07-12,2576,14.26,13.88,14.61,13.72,185450,264819972.3,6.11,-4.67,-0.68,11.45
2022-07-13,2576,13.83,14.48,14.51,13.77,165596,237845949.98,5.33,4.32,0.6,10.23
2022-07-14,2576,14.24,14.4,14.73,14.03,143879,210416737.07,4.83,-0.55,-0.08,8.89
2022-07-15,2576,14.33,14.63,15.41,14.22,187409,281102897.29,8.26,1.6,0.23,11.58
2022-07-18,2576,14.58,15.09,15.21,14.11,158398,234814415.74,7.52,3.14,0.46,9.78
2022-07-19,2576,14.84,14.56,15.28,14.44,149466,223188809.07,5.57,-3.51,-0.53,9.23
2022-07-20,2576,14.49,14.58,14.81,14.05,100362,146723717.4,5.22,0.14,0.02,6.2
2022-07-21,2576,14.52,14.13,14.52,14.06,81855,117672933.39,3.16,-3.09,-0.45,5.06
2022-07-22,2576,14.19,13.71,14.37,13.56,88825,124796276.63,5.73,-2.97,-0.42,5.49
2022-07-25,2576,13.83,13.97,14.2,13.18,102767,141060562.93,7.44,1.9,0.26,6.35
2022-07-26,2576,13.87,14.51,15.28,13.35,154459,223795807.2,13.82,3.87,0.54,9.54
2022-07-27,2576,14.52,14.94,15.17,14.29,164884,248111596.41,6.06,2.96,0.43,10.18
2022-07-28,2576,14.94,15.75,16.45,14.75,349156,557886134.2,11.38,5.42,0.81,21.57
2022-07-29,2576,15.72,16.29,16.7,15.36,277481,445895203.83,8.51,3.43,0.54,17.14
2022-08-01,2576,15.93,16.23,16.37,15.62,180064,289852531.39,4.6,-0.37,-0.06,11.12
2022-08-02,2576,15.83,15.71,16.08,15.2,131651,208070598.18,5.42,-3.2,-0.52,8.13
2022-08-03,2576,15.59,15.13,15.88,14.83,134989,209595615.8,6.68,-3.69,-0.58,8.34
2022-08-04,2576,15.18,15.48,15.73,14.95,88802,138084542.42,5.16,2.31,0.35,5.48
2022-08-05,2576,15.28,15.71,15.71,14.79,116492,179331359.31,5.94,1.49,0.23,7.2
2022-08-08,2576,15.44,17.3,17.3,15.29,182800,306989409.48,12.79,10.12,1.59,11.29
2022-08-09,2576,17.83,19.05,19.05,17.63,297592,561975587.1,8.21,10.12,1.75,18.38
2022-08-10,2576,19.05,18.66,20.97,18.1,485353,949016539.91,15.07,-2.05,-0.39,29.98
2022-08-11,2576,18.64,19.18,19.24,17.98,345046,653918899.25,6.75,2.79,0.52,21.31
2022-08-12,2576,19.63,17.73,19.7,17.25,366639,661982026.74,12.77,-7.56,-1.45,22.65
2022-08-15,2576,16.98,17.28,17.5,16.94,167361,290736338.61,3.16,-2.54,-0.45,10.34
2022-08-16,2576,17.28,17.06,17.83,17.01,181732,319759460.38,4.75,-1.27,-0.22,11.22
2022-08-17,2576,16.87,17.09,17.31,16.55,167441,286057794.56,4.45,0.18,0.03,10.34
2022-08-18,2576,17.13,18.82,18.82,16.97,341692,635464687.26,10.83,10.12,1.73,21.1
2022-08-19,2576,18.83,18.07,19.66,17.73,351806,654062151.04,10.26,-3.99,-0.75,21.73
2022-08-22,2576,17.74,17.55,17.77,17.13,144207,253626871.7,3.54,-2.88,-0.52,8.91
2022-08-23,2576,17.33,18.3,18.35,17.23,184967,333580595.76,6.38,4.27,0.75,11.42
2022-08-24,2576,18.03,16.91,18.2,16.88,138346,244313866.22,7.21,-7.6,-1.39,8.55
2022-08-25,2576,16.43,15.2,16.53,15.2,208112,323291871.21,7.87,-10.11,-1.71,12.85
2022-08-26,2576,14.85,14.66,15.24,14.43,133817,200280687.79,5.33,-3.55,-0.54,8.27
2022-08-29,2576,14.23,14.9,15.18,14.14,101120,150787814.61,7.09,1.64,0.24,6.25
2022-08-30,2576,15.06,14.69,15.18,14.63,61842,92879752.1,3.69,-1.41,-0.21,3.82
2022-08-31,2576,14.73,13.62,14.78,13.49,104135,146222957.44,8.78,-7.28,-1.07,6.43
2022-09-01,2576,13.77,13.57,13.92,13.47,55852,77124860.56,3.3,-0.37,-0.05,3.45
2022-09-02,2576,13.53,13.73,13.78,13.27,52559,72522626.78,3.76,1.18,0.16,3.25
2022-09-05,2576,13.7,13.69,14.05,13.64,46104,64487699.0,2.99,-0.29,-0.04,2.85
2022-09-06,2576,13.78,14.03,14.06,13.47,62051,87035570.02,4.31,2.48,0.34,3.83
2022-09-07,2576,14.0,14.33,14.4,13.94,78686,113363032.86,3.28,2.14,0.3,4.86
2022-09-08,2576,14.25,13.82,14.47,13.79,64199,91162772.12,4.75,-3.56,-0.51,3.97
2022-09-09,2576,13.83,13.55,13.88,13.36,43160,59183485.1,3.76,-1.95,-0.27,2.67
2022-09-13,2576,13.64,13.52,13.78,13.3,42192,57636078.25,3.54,-0.22,-0.03,2.61
2022-09-14,2576,13.31,13.39,13.55,13.13,38493,51984965.38,3.11,-0.96,-0.13,2.38
2022-09-15,2576,13.47,12.61,13.54,12.38,71652,92841175.96,8.66,-5.83,-0.78,4.43
2022-09-16,2576,12.59,12.26,12.72,12.26,40270,50997047.2,3.65,-2.78,-0.35,2.49
2022-09-19,2576,12.27,12.31,12.61,12.17,39386,49357021.3,3.59,0.41,0.05,2.43
2022-09-20,2576,12.4,12.7,12.74,12.35,49522,63301990.16,3.17,3.17,0.39,3.06
2022-09-21,2576,12.7,12.68,12.8,12.53,33641,43239196.02,2.13,-0.16,-0.02,2.08
2022-09-22,2576,12.56,12.86,13.01,12.56,44119,57456662.25,3.55,1.42,0.18,2.73
2022-09-23,2576,12.82,12.39,12.99,12.31,43276,55091127.0,5.29,-3.65,-0.47,2.67
2022-09-26,2576,12.33,12.3,12.68,12.24,33802,42726283.63,3.55,-0.73,-0.09,2.09
2022-09-27,2576,12.45,12.84,13.21,12.45,61460,79797733.39,6.18,4.39,0.54,3.8
2022-09-28,2576,12.79,12.1,13.0,12.05,56498,71382106.76,7.4,-5.76,-0.74,3.49
2022-09-29,2576,12.36,12.1,12.41,11.96,41987,51836051.64,3.72,0.0,0.0,2.59
2022-09-30,2576,12.09,11.7,12.18,11.67,37025,44551302.5,4.21,-3.31,-0.4,2.29
2022-10-10,2576,11.7,11.58,11.92,11.41,29420,34767483.31,4.36,-1.03,-0.12,1.82
2022-10-11,2576,11.63,11.86,11.92,11.53,28909,34530587.0,3.37,2.42,0.28,1.79
2022-10-12,2576,11.86,13.06,13.06,11.75,72607,92084252.37,11.05,10.12,1.2,4.48
2022-10-13,2576,13.32,13.55,13.99,13.21,166859,229701061.6,5.97,3.75,0.49,10.31
2022-10-14,2576,13.41,13.73,13.83,13.32,108252,148967012.24,3.76,1.33,0.18,6.69
2022-10-17,2576,13.63,13.77,13.88,13.44,83858,116181070.74,3.2,0.29,0.04,5.18
2022-10-18,2576,14.04,13.91,14.23,13.71,88159,123897340.8,3.78,1.02,0.14,5.45
2022-10-19,2576,13.84,13.81,14.12,13.66,83664,117774765.54,3.31,-0.72,-0.1,5.17
2022-10-20,2576,13.75,13.45,13.82,13.35,59531,81693916.34,3.4,-2.61,-0.36,3.68
2022-10-21,2576,13.63,13.6,13.9,13.06,57738,80107084.27,6.25,1.12,0.15,3.57
2022-10-24,2576,13.61,13.42,13.89,13.3,48892,67298195.5,4.34,-1.32,-0.18,3.02
2022-10-25,2576,13.52,13.68,13.71,13.06,47159,64293236.15,4.84,1.94,0.26,2.91
2022-10-26,2576,13.73,13.82,13.88,13.54,60504,84240501.41,2.49,1.02,0.14,3.74
2022-10-27,2576,13.48,13.14,13.77,13.11,70724,95899421.9,4.78,-4.92,-0.68,4.37
2022-10-28,2576,13.03,12.3,13.05,12.25,75706,96648348.0,6.09,-6.39,-0.84,4.68
2022-10-31,2576,12.43,12.75,13.03,12.36,58060,75217276.36,5.45,3.66,0.45,3.59
2022-11-01,2576,12.9,13.32,13.32,12.82,64403,85644090.04,3.92,4.47,0.57,3.98
2022-11-02,2576,13.4,13.31,13.5,13.09,45183,60787023.0,3.08,-0.08,-0.01,2.79
2022-11-03,2576,13.07,13.41,13.41,13.01,35391,47661565.0,3.01,0.75,0.1,2.19
2022-11-04,2576,13.33,13.68,13.81,13.33,52358,72325406.0,3.58,2.01,0.27,3.23
2022-11-07,2576,13.73,13.55,13.84,13.49,40980,56484224.78,2.56,-0.95,-0.13,2.53
2022-11-08,2576,13.54,13.45,13.58,13.21,34734,46950096.0,2.73,-0.74,-0.1,2.15
2022-11-09,2576,13.45,13.38,13.54,13.23,30129,40949106.5,2.3,-0.52,-0.07,1.86
2022-11-10,2576,13.33,13.27,13.48,13.2,35601,47998572.0,2.09,-0.82,-0.11,2.2
2022-11-11,2576,13.48,13.12,13.62,13.04,50768,68297711.0,4.37,-1.13,-0.15,3.14
2022-11-14,2576,13.14,12.85,13.15,12.76,32232,42239020.64,2.97,-2.06,-0.27,1.99
2022-11-15,2576,12.74,13.27,13.27,12.7,35920,47595475.6,4.44,3.27,0.42,2.22
2022-11-16,2576,13.27,13.19,13.48,13.13,35455,47817324.63,2.64,-0.6,-0.08,2.19
2022-11-17,2576,13.11,13.0,13.14,12.84,31707,41577422.56,2.27,-1.44,-0.19,1.96
2022-11-18,2576,13.14,12.98,13.23,12.79,32915,43524073.61,3.38,-0.15,-0.02,2.03
2022-11-21,2576,12.85,13.15,13.15,12.85,30255,39962797.0,2.31,1.31,0.17,1.87
2022-11-22,2576,13.16,12.73,13.24,12.7,35646,46693029.0,4.11,-3.19,-0.42,2.2
2022-11-23,2576,12.74,12.75,12.81,12.29,37940,48231645.0,4.08,0.16,0.02,2.34
2022-11-24,2576,12.75,12.85,13.09,12.71,26468,34662950.3,2.98,0.78,0.1,1.63
2022-11-25,2576,12.8,12.43,12.87,12.41,26560,33755087.5,3.58,-3.27,-0.42,1.64
2022-11-28,2576,12.23,12.17,12.36,12.1,22720,28093746.12,2.09,-2.09,-0.26,1.4
2022-11-29,2576,12.12,12.36,12.38,12.12,21462,26718744.92,2.14,1.56,0.19,1.33
2022-11-30,2576,12.36,12.3,12.52,12.18,22933,28722989.22,2.75,-0.49,-0.06,1.42
2022-12-01,2576,12.44,12.46,12.69,12.41,28636,36355986.7,2.28,1.3,0.16,1.77
2022-12-02,2576,12.42,12.63,12.7,12.37,26302,33625706.97,2.65,1.36,0.17,1.62
2022-12-05,2576,12.63,12.6,12.73,12.47,28273,35947354.84,2.06,-0.24,-0.03,1.75
2022-12-06,2576,12.54,12.45,12.62,12.35,25903,32719532.38,2.14,-1.19,-0.15,1.6
2022-12-07,2576,12.4,12.34,12.48,12.27,20877,26148662.36,1.69,-0.88,-0.11,1.29
2022-12-08,2576,12.4,12.19,12.41,12.19,21017,26130405.4,1.78,-1.22,-0.15,1.3
2022-12-09,2576,12.18,12.09,12.26,12.04,23441,28783432.01,1.8,-0.82,-0.1,1.45
2022-12-12,2576,12.08,12.06,12.1,11.87,17281,21024749.21,1.9,-0.25,-0.03,1.07
2022-12-13,2576,12.07,11.83,12.09,11.8,24003,29009879.51,2.4,-1.91,-0.23,1.48
2022-12-14,2576,11.86,11.88,12.01,11.85,17939,21714612.98,1.35,0.42,0.05,1.11
2022-12-15,2576,11.88,12.18,12.21,11.84,22806,27934239.28,3.11,2.53,0.3,1.41
2022-12-16,2576,12.16,11.8,12.16,11.77,26276,31707945.36,3.2,-3.12,-0.38,1.62
2022-12-19,2576,11.76,11.55,11.9,11.47,21117,24884063.0,3.64,-2.12,-0.25,1.3
2022-12-20,2576,11.55,11.75,11.79,11.44,16220,19191434.42,3.03,1.73,0.2,1.0
2022-12-21,2576,11.75,11.58,11.76,11.48,12180,14374854.0,2.38,-1.45,-0.17,0.75
2022-12-22,2576,11.58,11.14,11.69,11.11,23537,27002380.0,5.01,-3.8,-0.44,1.45
2022-12-23,2576,11.1,11.17,11.25,11.03,15768,17844439.0,1.97,0.27,0.03,0.97
2022-12-26,2576,11.17,11.67,11.73,11.17,22213,26034719.0,5.01,4.48,0.5,1.37
2022-12-27,2576,11.82,11.85,11.95,11.59,21682,25939926.0,3.08,1.54,0.18,1.34
2022-12-28,2576,11.8,11.61,11.85,11.56,16233,19202631.6,2.45,-2.03,-0.24,1.0
2022-12-29,2576,11.55,11.41,11.67,11.4,13613,15893179.0,2.33,-1.72,-0.2,0.84
2022-12-30,2576,11.4,11.6,11.67,11.4,22332,26257981.0,2.37,1.67,0.19,1.38
2023-01-03,2576,11.6,11.95,12.03,11.53,22330,26773210.0,4.31,3.02,0.35,1.38
2023-01-04,2576,11.95,11.88,12.03,11.78,18475,22289813.0,2.09,-0.59,-0.07,1.14
2023-01-05,2576,11.86,13.09,13.09,11.76,78031,100077775.06,11.2,10.19,1.21,4.82
2023-01-06,2576,14.42,14.42,14.42,14.42,42395,61854801.06,0.0,10.16,1.33,2.62
2023-01-09,2576,15.88,15.88,15.88,15.88,117886,189207559.65,0.0,10.12,1.46,7.28
2023-01-10,2576,15.83,17.49,17.49,15.38,529608,906909256.71,13.29,10.14,1.61,32.71
2023-01-11,2576,19.26,19.26,19.26,18.44,325828,630315339.19,4.69,10.12,1.77,20.12
2023-01-12,2576,20.49,21.2,21.2,20.27,217331,459114410.03,4.83,10.07,1.94,13.42
2023-01-13,2576,22.59,22.33,23.34,22.33,613685,1422318095.89,4.76,5.33,1.13,37.9
2023-01-16,2576,23.83,23.6,24.58,23.27,664620,1607315403.08,5.87,5.69,1.27,41.05
2023-01-17,2576,25.33,25.98,25.98,24.42,483110,1230656326.62,6.61,10.08,2.38,29.84
2023-01-18,2576,25.98,27.57,28.6,25.98,589091,1617303886.64,10.08,6.12,1.59,36.39
2023-01-19,2576,27.22,26.86,27.63,25.68,501444,1345083680.69,7.07,-2.58,-0.71,30.97
2023-01-20,2576,27.33,24.16,27.67,24.16,411366,1038343258.67,13.07,-10.05,-2.7,25.41
2023-01-30,2576,24.83,26.59,26.59,24.43,338154,871083256.5,8.94,10.06,2.43,20.89
2023-01-31,2576,25.06,23.91,25.78,23.91,459295,1142619184.79,7.03,-10.08,-2.68,28.37
2023-02-01,2576,22.45,23.34,23.81,22.05,490976,1123263907.58,7.36,-2.38,-0.57,30.33
2023-02-02,2576,22.93,23.56,24.55,22.77,450659,1069265770.83,7.63,0.94,0.22,27.84
2023-02-03,2576,24.08,23.54,24.77,23.03,512053,1243242346.31,7.39,-0.08,-0.02,31.63
2023-02-06,2576,23.61,23.99,25.44,23.6,439222,1076080079.52,7.82,1.91,0.45,27.13
2023-02-07,2576,23.13,21.71,23.32,21.68,489517,1098175177.09,6.84,-9.5,-2.28,30.24
2023-02-08,2576,22.03,20.9,22.18,20.78,350622,747518210.98,6.45,-3.73,-0.81,21.66
2023-02-09,2576,20.43,20.77,20.94,20.39,190393,397091375.38,2.63,-0.62,-0.13,11.76
2023-02-10,2576,20.78,20.36,20.99,20.23,219740,455779732.7,3.66,-1.97,-0.41,13.57
2023-02-13,2576,20.21,20.58,20.63,20.13,154895,319619855.0,2.46,1.08,0.22,9.57
2023-02-14,2576,20.58,20.68,20.78,20.4,163305,339021320.4,1.85,0.49,0.1,10.09
2023-02-15,2576,20.66,20.98,21.17,20.54,255101,537654079.0,3.05,1.45,0.3,15.76
2023-02-16,2576,20.83,21.31,21.78,20.42,331674,707516458.62,6.48,1.57,0.33,20.49
2023-02-17,2576,20.86,22.32,22.68,20.83,448729,995184456.08,8.68,4.74,1.01,27.72
2023-02-20,2576,21.92,20.07,22.05,20.07,395093,810746167.3,8.87,-10.08,-2.25,24.4
2023-02-21,2576,19.18,19.71,19.98,19.18,228543,451502398.35,3.99,-1.79,-0.36,14.12
2023-02-22,2576,19.57,19.73,19.89,19.45,136902,271480677.63,2.23,0.1,0.02,8.46
2023-02-23,2576,19.67,19.7,19.91,19.49,126061,249732785.4,2.13,-0.15,-0.03,7.79
2023-02-24,2576,19.64,19.49,19.69,19.23,120043,235333628.95,2.34,-1.07,-0.21,7.41
2023-02-27,2576,19.51,19.56,19.94,19.38,155208,307203125.3,2.87,0.36,0.07,9.59
2023-02-28,2576,19.49,19.97,19.97,19.49,183710,366777537.0,2.45,2.1,0.41,11.35
2023-03-01,2576,20.11,20.59,20.89,19.85,301077,618711007.03,5.21,3.1,0.62,18.6
2023-03-02,2576,20.13,20.98,21.89,20.02,364773,761520758.03,9.08,1.89,0.39,22.53
2023-03-03,2576,20.43,20.08,20.58,20.03,229745,469037999.43,2.62,-4.29,-0.9,14.19
2023-03-06,2576,20.2,21.17,21.81,20.11,367314,787698350.54,8.47,5.43,1.09,22.69
2023-03-07,2576,21.22,21.45,21.89,20.64,392413,846817352.16,5.9,1.32,0.28,24.24
2023-03-08,2576,21.13,22.02,22.33,20.63,361862,785362393.08,7.93,2.66,0.57,22.35
2023-03-09,2576,21.83,21.0,22.32,20.93,286567,624129713.66,6.31,-4.63,-1.02,17.7
2023-03-10,2576,21.01,19.31,21.31,19.07,268445,535614487.29,10.67,-8.05,-1.69,16.58
2023-03-13,2576,18.85,18.93,19.33,18.48,187313,354661536.21,4.4,-1.97,-0.38,11.57
2023-03-14,2576,18.83,18.04,18.86,17.81,195212,357781403.95,5.55,-4.7,-0.89,12.06
2023-03-15,2576,17.94,18.02,18.19,17.89,100627,183176901.5,1.66,-0.11,-0.02,6.22
2023-03-16,2576,17.9,17.65,17.97,17.46,123250,219700366.0,2.83,-2.05,-0.37,7.61
2023-03-17,2576,17.82,17.95,18.11,17.65,119412,215862950.0,2.61,1.7,0.3,7.38
2023-03-20,2576,17.85,18.2,18.4,17.71,112205,205159612.0,3.84,1.39,0.25,6.93
2023-03-21,2576,18.13,18.5,18.53,18.01,110406,204108171.0,2.86,1.65,0.3,6.82
2023-03-22,2576,18.42,18.55,18.73,18.28,113458,211875740.99,2.43,0.27,0.05,7.01
2023-03-23,2576,18.43,18.43,18.66,18.17,93675,174049574.12,2.64,-0.65,-0.12,5.79
2023-03-24,2576,18.38,18.55,18.78,18.28,112948,211604985.3,2.71,0.65,0.12,6.98
2023-03-27,2576,18.43,18.75,18.86,18.26,99120,186538668.79,3.23,1.08,0.2,6.12
2023-03-28,2576,18.71,18.33,18.92,18.29,89773,167854543.0,3.36,-2.24,-0.42,5.54
2023-03-29,2576,18.25,18.21,18.68,18.08,87154,161110908.63,3.27,-0.65,-0.12,5.38
2023-03-30,2576,18.25,18.63,18.63,17.99,109224,202306427.3,3.51,2.31,0.42,6.75
2023-03-31,2576,18.68,18.71,19.0,18.46,129434,244247280.6,2.9,0.43,0.08,7.99
2023-04-03,2576,18.73,18.63,18.86,18.38,99893,187294098.29,2.57,-0.43,-0.08,6.17
2023-04-04,2576,18.48,17.94,18.59,17.81,123593,225640839.5,4.19,-3.7,-0.69,7.63
2023-04-06,2576,17.84,17.95,18.01,17.55,79995,143277296.9,2.56,0.06,0.01,4.94
2023-04-07,2576,17.77,17.95,18.43,17.76,63020,114893630.0,3.73,0.0,0.0,3.89
2023-04-10,2576,17.76,18.11,18.5,17.69,126837,231467020.0,4.51,0.89,0.16,7.83
2023-04-11,2576,18.36,17.23,18.37,16.79,188930,329515499.0,8.72,-4.86,-0.88,11.67
2023-04-12,2576,17.23,17.13,17.36,16.98,80870,139936454.0,2.21,-0.58,-0.1,4.99
2023-04-13,2576,17.06,16.88,17.28,16.88,74845,128679277.37,2.34,-1.46,-0.25,4.62
2023-04-14,2576,16.88,16.92,17.08,16.78,50622,86648090.0,1.78,0.24,0.04,3.13
2023-04-17,2576,17.18,17.08,17.42,16.99,84922,147487497.9,2.54,0.95,0.16,5.25
2023-04-18,2576,16.97,17.06,17.1,16.75,58224,99606087.0,2.05,-0.12,-0.02,3.6
2023-04-19,2576,17.03,16.86,17.11,16.8,62285,106488506.0,1.82,-1.17,-0.2,3.85
2023-04-20,2576,16.81,16.39,16.82,16.29,87985,146237798.0,3.14,-2.79,-0.47,5.43
2023-04-21,2576,16.35,15.9,16.42,15.83,85758,139230013.01,3.6,-2.99,-0.49,5.3
2023-04-24,2576,16.4,16.22,16.43,15.94,74035,121332565.55,3.08,2.01,0.32,4.57
2023-04-25,2576,16.07,15.6,16.18,15.3,78013,123632110.0,5.43,-3.82,-0.62,4.82
2023-04-26,2576,15.51,16.19,16.29,15.44,79503,129145478.0,5.45,3.78,0.59,4.91
2023-04-27,2576,16.2,15.82,16.2,15.73,73340,117955239.29,2.9,-2.29,-0.37,4.53
2023-04-28,2576,15.92,16.42,16.44,15.86,83888,137566719.0,3.67,3.79,0.6,5.18
2023-05-04,2576,16.44,16.49,16.63,16.34,65646,109358940.0,1.77,0.43,0.07,4.05
2023-05-05,2576,16.54,16.12,16.56,16.03,43777,71451496.0,3.21,-2.24,-0.37,2.7
2023-05-08,2576,16.2,16.34,16.58,16.13,47245,78208716.4,2.79,1.36,0.22,2.92
2023-05-09,2576,16.2,15.84,16.33,15.83,47586,76953474.32,3.06,-3.06,-0.5,2.94
2023-05-10,2576,15.74,16.48,16.69,15.69,93398,154225826.8,6.31,4.04,0.64,5.77
2023-05-11,2576,16.38,16.5,16.54,16.23,58547,97065052.36,1.88,0.12,0.02,3.62
2023-05-12,2576,16.43,16.39,16.62,16.34,49146,81837982.0,1.7,-0.67,-0.11,3.04
2023-05-15,2576,16.34,16.72,16.88,16.33,84763,142307691.0,3.36,2.01,0.33,5.24
2023-05-16,2576,16.71,17.43,17.43,16.56,246227,426025583.4,5.2,4.25,0.71,15.21
2023-05-17,2576,17.16,17.8,18.3,16.93,277171,490138142.6,7.86,2.12,0.37,17.12
2023-05-18,2576,17.62,17.28,17.87,17.21,181331,319242547.44,3.71,-2.92,-0.52,11.2
2023-05-19,2576,17.24,16.94,17.6,16.88,124216,215046596.4,4.17,-1.97,-0.34,7.67
2023-05-22,2576,16.85,17.09,17.15,16.79,88055,151294643.63,2.13,0.89,0.15,5.44
2023-05-23,2576,17.09,16.54,17.14,16.53,91488,154403536.66,3.57,-3.22,-0.55,5.65
2023-05-24,2576,16.53,16.68,16.78,16.38,65341,110064068.0,2.42,0.85,0.14,4.04
2023-05-25,2576,16.76,16.87,17.09,16.52,86959,147753597.23,3.42,1.14,0.19,5.37
2023-05-26,2576,16.79,16.4,16.81,15.88,119750,195846437.0,5.51,-2.79,-0.47,7.4
2023-05-29,2576,16.49,16.11,16.59,16.02,67453,110546555.0,3.48,-1.77,-0.29,4.17
2023-05-30,2576,15.98,16.18,16.23,15.9,50928,82725375.0,2.05,0.43,0.07,3.15
2023-05-31,2576,16.05,15.72,16.08,15.7,77782,124382473.5,2.35,-2.84,-0.46,4.8
2023-06-01,2576,15.74,16.17,16.35,15.61,83576,136135774.6,4.71,2.86,0.45,5.16
2023-06-02,2576,16.23,16.48,16.9,16.23,78247,130985973.0,4.14,1.92,0.31,4.83
2023-06-05,2576,16.63,16.6,16.87,16.43,54096,90781324.0,2.67,0.73,0.12,3.34
2023-06-06,2576,16.58,15.93,16.58,15.86,61635,100315289.0,4.34,-4.04,-0.67,3.81
2023-06-07,2576,15.95,15.82,15.99,15.71,41633,66524091.0,1.76,-0.69,-0.11,2.57
2023-06-08,2576,15.78,15.51,15.89,15.5,51303,81028564.0,2.47,-1.96,-0.31,3.17
2023-06-09,2576,15.63,16.22,16.29,15.53,79822,129025877.0,4.9,4.58,0.71,4.93
2023-06-12,2576,16.1,16.5,16.62,15.78,85243,140011537.0,5.18,1.73,0.28,5.27
2023-06-13,2576,16.53,16.53,16.83,16.47,71116,119390663.0,2.18,0.18,0.03,4.39
2023-06-14,2576,16.48,16.42,16.56,16.23,47966,79301011.0,2.0,-0.67,-0.11,2.96
2023-06-15,2576,16.38,17.15,17.24,16.34,157461,269975005.0,5.48,4.45,0.73,9.73
2023-06-16,2576,17.22,17.06,17.43,16.88,107941,185954546.0,3.21,-0.52,-0.09,6.67
2023-06-19,2576,16.94,16.99,17.15,16.88,65900,113227977.0,1.58,-0.41,-0.07,4.07
2023-06-20,2576,16.94,17.38,17.72,16.89,158849,278530872.0,4.89,2.3,0.39,9.81
2023-06-21,2576,17.28,16.8,17.56,16.8,114206,197121283.0,4.37,-3.34,-0.58,7.05
2023-06-26,2576,16.56,16.83,17.13,16.46,91070,155730160.0,3.99,0.18,0.03,5.62
2023-06-27,2576,16.82,17.13,17.24,16.69,68705,118323137.0,3.27,1.78,0.3,4.24
2023-06-28,2576,17.07,17.1,17.17,16.62,66068,112678266.0,3.21,-0.18,-0.03,4.08
2023-06-29,2576,17.22,18.83,18.83,17.13,185437,341779814.0,9.94,10.12,1.73,11.45
2023-06-30,2576,19.4,19.82,20.73,19.04,591442,1182354511.15,8.98,5.26,0.99,36.53
2023-07-03,2576,19.43,20.13,21.43,19.36,446826,911791809.47,10.44,1.56,0.31,27.6
2023-07-04,2576,20.17,22.16,22.16,19.69,494864,1048820403.8,12.27,10.08,2.03,30.57
2023-07-05,2576,21.68,20.62,21.73,20.43,425003,896775362.7,5.87,-6.95,-1.54,26.25
2023-07-06,2576,20.21,20.22,20.73,19.43,299870,604282929.91,6.3,-1.94,-0.4,18.52
2023-07-07,2576,20.22,19.68,21.14,19.66,285950,584348976.36,7.32,-2.67,-0.54,17.66
2023-07-10,2576,19.7,20.12,20.28,19.48,199883,399270796.33,4.07,2.24,0.44,12.35
2023-07-11,2576,19.87,20.4,20.45,19.23,245494,493002131.95,6.06,1.39,0.28,15.16
2023-07-12,2576,20.2,21.15,21.37,19.96,370876,778732566.37,6.91,3.68,0.75,22.91
2023-07-13,2576,20.69,20.73,20.95,20.12,229117,472246544.98,3.92,-1.99,-0.42,14.15
2023-07-14,2576,20.62,19.49,20.62,19.48,207118,413478719.64,5.5,-5.98,-1.24,12.79
2023-07-17,2576,19.49,19.75,19.85,19.36,98378,194629283.24,2.51,1.33,0.26,6.08
2023-07-18,2576,19.78,19.47,19.85,19.15,104612,204118969.3,3.54,-1.42,-0.28,6.46
2023-07-19,2576,19.35,18.68,19.36,18.54,140959,266700539.78,4.21,-4.06,-0.79,8.71
2023-07-20,2576,18.83,18.23,18.87,18.17,102298,190125432.0,3.75,-2.41,-0.45,6.32
2023-07-21,2576,18.04,17.85,18.34,17.75,85467,154568356.94,3.24,-2.08,-0.38,5.28
2023-07-24,2576,17.68,17.81,18.03,17.57,51161,91915986.58,2.58,-0.22,-0.04,3.16
2023-07-25,2576,17.91,18.08,18.21,17.89,73228,133136376.0,1.8,1.52,0.27,4.52
2023-07-26,2576,18.07,17.69,18.09,17.62,65244,116714700.0,2.6,-2.16,-0.39,4.03
2023-07-27,2576,17.83,17.77,18.11,17.69,69511,125373416.0,2.37,0.45,0.08,4.29
2023-07-28,2576,17.62,17.8,17.86,17.25,71393,126253547.0,3.43,0.17,0.03,4.41
2023-07-31,2576,17.87,17.96,18.02,17.72,59569,107364865.96,1.69,0.9,0.16,3.68
2023-08-01,2576,17.87,17.52,17.89,17.4,64966,114703002.0,2.73,-2.45,-0.44,4.01
2023-08-02,2576,17.42,17.5,17.58,17.26,44996,78911973.2,1.83,-0.11,-0.02,2.78
2023-08-03,2576,17.47,17.26,17.47,17.18,50977,88725751.0,1.66,-1.37,-0.24,3.15
2023-08-04,2576,17.25,17.38,17.47,17.25,44344,77590260.0,1.27,0.7,0.12,2.74
2023-08-07,2576,17.16,17.26,17.42,17.09,34109,59308551.0,1.9,-0.69,-0.12,2.11
2023-08-08,2576,17.29,17.11,17.47,17.07,46635,80996494.0,2.32,-0.87,-0.15,2.88
2023-08-09,2576,17.12,16.82,17.14,16.78,52151,88767497.0,2.1,-1.69,-0.29,3.22
2023-08-10,2576,16.84,16.89,17.03,16.79,29052,49482193.2,1.43,0.42,0.07,1.79
2023-08-11,2576,16.89,16.69,17.2,16.69,52796,90299777.0,3.02,-1.18,-0.2,3.26
2023-08-14,2576,16.61,16.82,16.83,16.43,33488,56382127.0,2.4,0.78,0.13,2.07
2023-08-15,2576,16.94,16.57,16.94,16.46,35209,59052129.0,2.85,-1.49,-0.25,2.17
2023-08-16,2576,16.57,16.26,16.67,16.26,30298,50157859.0,2.47,-1.87,-0.31,1.87
2023-08-17,2576,16.32,16.85,16.92,16.16,61548,103350001.0,4.67,3.63,0.59,3.8
2023-08-18,2576,16.86,16.67,17.06,16.64,47167,80123211.0,2.49,-1.07,-0.18,2.91
2023-08-21,2576,16.67,16.31,16.81,16.31,33273,55407199.0,3.0,-2.16,-0.36,2.06
2023-08-22,2576,16.32,16.4,16.54,15.96,50224,82161338.0,3.56,0.55,0.09,3.1
2023-08-23,2576,16.35,16.05,16.46,16.02,31559,51504912.0,2.68,-2.13,-0.35,1.95
2023-08-24,2576,16.09,16.06,16.29,15.83,40037,65061169.0,2.87,0.06,0.01,2.47
2023-08-25,2576,15.93,15.55,16.05,15.49,54220,85966991.9,3.49,-3.18,-0.51,3.35
2023-08-28,2576,16.37,15.62,16.49,15.54,47350,76302502.65,6.11,0.45,0.07,2.92
2023-08-29,2576,15.58,16.42,16.48,15.53,83238,136306849.98,6.08,5.12,0.8,5.14
2023-08-30,2576,16.45,16.68,16.95,16.43,65506,110423879.0,3.17,1.58,0.26,4.05
2023-08-31,2576,16.6,16.74,16.81,16.5,38009,63938094.32,1.86,0.36,0.06,2.35
2023-09-01,2576,16.74,16.7,16.82,16.53,30702,51510470.0,1.73,-0.24,-0.04,1.9
2023-09-04,2576,16.69,16.85,16.86,16.62,38652,65328113.0,1.44,0.9,0.15,2.39
2023-09-05,2576,16.85,16.88,17.01,16.69,31033,52745868.0,1.9,0.18,0.03,1.92
2023-09-06,2576,16.87,16.9,16.92,16.72,31716,53814151.85,1.18,0.12,0.02,1.96
2023-09-07,2576,16.9,16.4,16.95,16.38,45733,76500898.49,3.37,-2.96,-0.5,2.82
2023-09-08,2576,16.29,16.44,16.64,16.29,34981,58266941.0,2.13,0.24,0.04,2.16
2023-09-11,2576,16.43,16.72,16.86,16.25,41640,69836301.0,3.71,1.7,0.28,2.57
2023-09-12,2576,16.7,16.71,16.86,16.62,28478,48033207.5,1.44,-0.06,-0.01,1.76
2023-09-13,2576,16.61,16.13,16.69,15.93,48030,78510957.25,4.55,-3.47,-0.58,2.97
2023-09-14,2576,16.1,15.82,16.18,15.75,31461,50524417.0,2.67,-1.92,-0.31,1.94
2023-09-15,2576,15.9,15.69,16.06,15.67,27099,43032413.1,2.47,-0.82,-0.13,1.67
2023-09-18,2576,15.7,16.07,16.32,15.55,47604,77134495.47,4.91,2.42,0.38,2.94
2023-09-19,2576,15.99,17.69,17.69,15.82,242887,423369951.45,11.64,10.08,1.62,15.0
2023-09-20,2576,17.69,17.35,18.04,17.34,322821,572595870.85,3.96,-1.92,-0.34,19.94
2023-09-21,2576,17.37,17.17,17.55,16.91,158603,274030581.69,3.69,-1.04,-0.18,9.8
2023-09-22,2576,17.12,17.29,17.32,16.78,147751,254438114.0,3.15,0.7,0.12,9.13
2023-09-25,2576,17.17,17.97,18.25,17.07,280677,501704984.12,6.82,3.93,0.68,17.34
2023-09-26,2576,17.69,17.65,17.86,17.21,154239,273846975.06,3.62,-1.78,-0.32,9.53
2023-09-27,2576,17.53,17.35,18.05,17.32,138918,245994499.0,4.14,-1.7,-0.3,8.58
2023-09-28,2576,17.35,17.43,17.51,17.15,97283,169789864.0,2.07,0.46,0.08,6.01
2023-10-09,2576,17.37,18.0,18.02,17.19,150043,267008098.2,4.76,3.27,0.57,9.27
2023-10-10,2576,18.0,17.82,18.0,17.52,128720,229807486.49,2.67,-1.0,-0.18,7.95
2023-10-11,2576,17.8,18.47,19.37,17.44,234660,433828374.91,10.83,3.65,0.65,14.49
2023-10-12,2576,18.4,18.33,18.54,18.01,142447,262763840.2,2.87,-0.76,-0.14,8.8
2023-10-13,2576,18.1,17.67,18.3,17.59,120316,217053577.25,3.87,-3.6,-0.66,7.43
2023-10-16,2576,17.57,17.54,17.81,17.29,87381,154693326.95,2.94,-0.74,-0.13,5.4
2023-10-17,2576,17.63,16.55,17.65,16.37,108078,183049130.57,7.3,-5.64,-0.99,6.68
2023-10-18,2576,16.4,16.6,16.85,16.14,64218,107260910.88,4.29,0.3,0.05,3.97
2023-10-19,2576,16.32,16.57,16.94,16.17,63260,106252503.0,4.64,-0.18,-0.03,3.91
2023-10-20,2576,16.38,17.18,18.17,16.32,152420,266502146.8,11.16,3.68,0.61,9.41
2023-10-23,2576,16.88,16.42,17.02,16.19,97584,162569861.0,4.83,-4.42,-0.76,6.03
2023-10-24,2576,16.31,17.47,17.72,16.24,138216,237923559.75,9.01,6.39,1.05,8.54
2023-10-25,2576,17.38,17.32,17.65,17.2,90986,159348003.5,2.58,-0.86,-0.15,5.62
2023-10-26,2576,17.23,17.17,17.43,16.88,78847,135963353.96,3.18,-0.87,-0.15,4.87
2023-10-27,2576,17.22,17.35,17.35,16.78,80131,137888271.0,3.32,1.05,0.18,4.95
2023-10-30,2576,17.23,17.6,17.72,17.13,108511,191399845.0,3.4,1.44,0.25,6.7
2023-10-31,2576,17.43,17.69,17.83,17.26,99825,176376698.63,3.24,0.51,0.09,6.17
2023-11-01,2576,17.75,17.49,17.9,17.48,88608,158027547.8,2.37,-1.13,-0.2,5.47
2023-11-02,2576,17.47,16.82,17.69,16.8,86994,150304670.0,5.09,-3.83,-0.67,5.37
2023-11-03,2576,16.95,18.52,18.52,16.95,270929,501509720.45,9.33,10.11,1.7,16.73
2023-11-06,2576,18.52,18.89,19.86,18.42,455701,874263666.61,7.78,2.0,0.37,28.15
2023-11-07,2576,18.59,19.17,19.26,18.57,284838,545145661.95,3.65,1.48,0.28,17.59
2023-11-08,2576,19.12,18.77,19.17,18.69,182776,347524908.19,2.5,-2.09,-0.4,11.29
2023-11-09,2576,18.61,18.93,19.13,18.56,196461,374246533.72,3.04,0.85,0.16,12.13
2023-11-10,2576,18.74,18.4,18.77,18.27,121818,226724222.2,2.64,-2.8,-0.53,7.52
2023-11-13,2576,18.49,18.63,18.63,18.17,99236,184731808.0,2.5,1.25,0.23,6.13
2023-11-14,2576,18.57,19.09,19.21,18.42,158878,302007331.89,4.24,2.47,0.46,9.81
2023-11-15,2576,19.22,19.01,19.22,18.74,126855,242146096.83,2.51,-0.42,-0.08,7.84
2023-11-16,2576,18.87,18.95,19.11,18.73,91784,175235968.0,2.0,-0.32,-0.06,5.67
2023-11-17,2576,18.94,18.97,19.04,18.57,95087,180436806.0,2.48,0.11,0.02,5.87
2023-11-20,2576,18.87,19.23,19.52,18.86,153945,297273184.24,3.48,1.37,0.26,9.51
2023-11-21,2576,19.08,18.69,19.19,18.57,116495,220685686.2,3.22,-2.81,-0.54,7.2
2023-11-22,2576,18.52,18.03,18.68,18.02,99414,182536454.66,3.53,-3.53,-0.66,6.14
2023-11-23,2576,18.16,18.86,19.23,18.14,148655,280929987.0,6.05,4.6,0.83,9.18
2023-11-24,2576,18.82,18.99,19.22,18.34,181605,345868523.2,4.67,0.69,0.13,11.22
2023-11-27,2576,19.01,19.64,19.64,18.72,228175,443365910.0,4.84,3.42,0.65,14.09
2023-11-28,2576,19.35,19.76,20.07,19.13,233318,460787913.35,4.79,0.61,0.12,14.41
2023-11-29,2576,19.76,19.07,19.77,19.06,148172,288225893.33,3.59,-3.49,-0.69,9.15
2023-11-30,2576,19.09,19.69,20.99,19.09,293910,595441529.98,9.96,3.25,0.62,18.15
2023-12-01,2576,19.35,19.1,19.6,18.37,221862,422446555.35,6.25,-3.0,-0.59,13.7
2023-12-04,2576,18.98,18.68,19.04,18.5,134103,253065439.0,2.83,-2.2,-0.42,8.28
2023-12-05,2576,18.76,17.98,18.77,17.87,137169,250975980.6,4.82,-3.75,-0.7,8.47
2023-12-06,2576,18.07,18.13,18.52,17.89,90920,166258899.0,3.5,0.83,0.15,5.62
2023-12-07,2576,18.07,17.49,18.07,17.49,99251,176233888.32,3.2,-3.53,-0.64,6.13
2023-12-08,2576,17.39,17.06,17.7,17.04,85457,148884820.97,3.77,-2.46,-0.43,5.28
2023-12-11,2576,17.05,17.42,17.47,16.81,63901,111049421.49,3.87,2.11,0.36,3.95
2023-12-12,2576,17.25,17.54,17.58,17.25,55227,97250947.44,1.89,0.69,0.12,3.41
2023-12-13,2576,17.51,17.42,17.76,17.22,58715,103555681.0,3.08,-0.68,-0.12,3.63
2023-12-14,2576,17.41,17.23,17.62,17.18,44756,78272657.0,2.53,-1.09,-0.19,2.76
2023-12-15,2576,17.23,17.04,17.32,16.97,38416,66030207.0,2.03,-1.1,-0.19,2.37
2023-12-18,2576,17.02,16.51,17.06,16.47,65763,110657981.0,3.46,-3.11,-0.53,4.06
2023-12-19,2576,16.53,16.55,16.62,16.31,38264,63421010.0,1.88,0.24,0.04,2.36
2023-12-20,2576,16.55,16.62,16.87,16.47,54708,92166069.0,2.42,0.42,0.07,3.38
2023-12-21,2576,16.52,16.7,16.79,16.14,49161,81655895.0,3.91,0.48,0.08,3.04
2023-12-22,2576,16.65,16.45,16.71,16.36,39176,65174947.0,2.1,-1.5,-0.25,2.42
2023-12-25,2576,16.31,16.37,16.54,16.24,23218,38300404.0,1.82,-0.49,-0.08,1.43
2023-12-26,2576,16.28,16.04,16.46,16.02,33853,55010790.0,2.69,-2.02,-0.33,2.09
2023-12-27,2576,16.14,16.32,16.34,16.04,30172,49267454.0,1.87,1.75,0.28,1.86
2023-12-28,2576,16.27,16.85,16.87,16.19,55508,93255155.0,4.17,3.25,0.53,3.43
2023-12-29,2576,16.76,16.93,17.02,16.74,42734,72873098.0,1.66,0.47,0.08,2.64
2024-01-02,2576,16.98,16.98,17.11,16.87,34238,58658671.0,1.42,0.3,0.05,2.11
2024-01-03,2576,16.87,16.97,17.08,16.67,33381,56790317.0,2.41,-0.06,-0.01,2.06
2024-01-04,2576,16.87,17.11,17.59,16.78,74066,127780061.0,4.77,0.82,0.14,4.57
2024-01-05,2576,17.02,16.54,17.22,16.42,61936,104923791.0,4.68,-3.33,-0.57,3.83
2024-01-08,2576,16.52,16.19,16.56,16.18,28986,47797672.0,2.3,-2.12,-0.35,1.79
2024-01-09,2576,16.25,16.48,16.64,16.23,33938,56313016.02,2.53,1.79,0.29,2.1
2024-01-10,2576,16.33,16.27,16.55,16.07,29981,49354598.0,2.91,-1.27,-0.21,1.85
2024-01-11,2576,16.23,16.59,16.61,16.18,33031,54705269.0,2.64,1.97,0.32,2.04
2024-01-12,2576,16.5,16.64,16.84,16.45,34578,58163534.0,2.35,0.3,0.05,2.14
2024-01-15,2576,16.44,16.38,16.59,16.17,27252,44926417.0,2.52,-1.56,-0.26,1.68
2024-01-16,2576,16.36,16.14,16.44,15.77,44744,72346428.0,4.09,-1.47,-0.24,2.76
2024-01-17,2576,16.12,15.58,16.12,15.58,30490,48752496.0,3.35,-3.47,-0.56,1.88
2024-01-18,2576,15.44,15.42,15.8,14.87,51273,78750588.0,5.97,-1.03,-0.16,3.17
2024-01-19,2576,15.42,14.93,15.53,14.93,30180,46103794.0,3.89,-3.18,-0.49,1.86
2024-01-22,2576,14.87,13.74,14.88,13.64,54988,79155255.61,8.31,-7.97,-1.19,3.4
2024-01-23,2576,13.67,13.69,13.88,13.44,40585,55909975.0,3.2,-0.36,-0.05,2.51
2024-01-24,2576,13.72,13.95,14.07,13.27,43477,60205225.0,5.84,1.9,0.26,2.69
2024-01-25,2576,13.96,14.51,14.53,13.77,46751,67300137.0,5.45,4.01,0.56,2.89
2024-01-26,2576,14.54,14.5,14.82,14.48,37132,54821414.03,2.34,-0.07,-0.01,2.29
2024-01-29,2576,14.73,13.99,14.73,13.97,29197,41815479.0,5.24,-3.52,-0.51,1.8
2024-01-30,2576,14.0,13.58,14.2,13.55,24812,34688716.0,4.65,-2.93,-0.41,1.53
2024-01-31,2576,13.49,12.71,13.66,12.66,43941,57827389.0,7.36,-6.41,-0.87,2.71
2024-02-01,2576,12.53,12.45,12.75,12.12,34033,42821453.0,4.96,-2.05,-0.26,2.1
2024-02-02,2576,12.45,11.67,12.72,11.19,51306,61827590.0,12.29,-6.27,-0.78,3.17
2024-02-05,2576,11.56,10.49,11.56,10.49,54901,59413584.0,9.17,-10.11,-1.18,3.39
2024-02-06,2576,9.88,10.96,11.25,9.46,83020,86199265.0,17.06,4.48,0.47,5.13
2024-02-07,2576,11.02,10.9,11.39,10.59,66393,74377628.93,7.3,-0.55,-0.06,4.1
2024-02-08,2576,10.95,11.79,11.93,10.68,60395,69379121.78,11.47,8.17,0.89,3.73
2024-02-19,2576,11.79,12.13,12.45,11.71,57464,70255411.5,6.28,2.88,0.34,3.55
2024-02-20,2576,12.03,12.28,12.28,11.87,35063,43029295.12,3.38,1.24,0.15,2.17
2024-02-21,2576,12.06,12.37,12.77,12.04,51486,65254377.36,5.94,0.73,0.09,3.18
2024-02-22,2576,12.37,12.67,12.72,12.27,50438,64003049.6,3.64,2.43,0.3,3.12
2024-02-23,2576,12.7,13.25,13.29,12.67,63552,83103438.6,4.89,4.58,0.58,3.93
2024-02-26,2576,13.81,13.56,14.25,13.45,100596,139456256.34,6.04,2.34,0.31,6.21
2024-02-27,2576,13.5,14.04,14.06,13.47,66080,92208095.3,4.35,3.54,0.48,4.08
2024-02-28,2576,13.94,12.7,14.32,12.69,98505,135105583.84,11.61,-9.54,-1.34,6.08
2024-02-29,2576,12.55,13.38,13.42,12.55,63178,83491533.25,6.85,5.35,0.68,3.9
2024-03-01,2576,13.4,13.53,13.66,13.31,49423,67368924.95,2.62,1.12,0.15,3.05
2024-03-04,2576,13.53,13.43,13.69,13.1,51417,69305193.6,4.36,-0.74,-0.1,3.18
2024-03-05,2576,13.32,12.97,13.42,12.88,52226,69026620.0,4.02,-3.43,-0.46,3.23
2024-03-06,2576,12.87,13.44,13.5,12.86,66202,88870147.0,4.93,3.62,0.47,4.09
2024-03-07,2576,13.55,13.44,13.85,13.35,76544,105319798.0,3.72,0.0,0.0,4.73
2024-03-08,2576,13.48,13.61,13.62,13.17,42617,57904081.0,3.35,1.26,0.17,2.63
2024-03-11,2576,13.61,13.96,13.99,13.52,63491,88443888.2,3.45,2.57,0.35,3.92
2024-03-12,2576,14.02,14.02,14.07,13.72,62842,88343756.8,2.51,0.43,0.06,3.88
2024-03-13,2576,14.05,14.1,14.25,13.91,52308,74314494.48,2.43,0.57,0.08,3.23
2024-03-14,2576,14.12,14.18,14.25,13.84,62829,89380924.08,2.91,0.57,0.08,3.88
2024-03-15,2576,14.07,14.48,14.5,14.03,71458,103358936.0,3.31,2.12,0.3,4.41
2024-03-18,2576,14.62,14.73,14.77,14.39,74865,110019302.73,2.62,1.73,0.25,4.62
2024-03-19,2576,14.62,15.44,16.22,14.59,229234,363816482.15,11.07,4.82,0.71,14.16
2024-03-20,2576,15.33,15.26,15.47,15.05,129705,199021104.56,2.72,-1.17,-0.18,8.01
2024-03-21,2576,15.17,15.6,15.76,15.08,110826,172530619.97,4.46,2.23,0.34,6.85
2024-03-22,2576,15.47,14.98,15.52,14.78,97538,148081577.52,4.74,-3.97,-0.62,6.02
2024-03-25,2576,14.79,14.25,14.87,14.22,73134,107528419.34,4.34,-4.87,-0.73,4.52
2024-03-26,2576,14.23,14.37,14.4,13.87,56729,81154195.03,3.72,0.84,0.12,3.5
2024-03-27,2576,14.31,13.58,14.31,13.58,43471,61043608.0,5.08,-5.5,-0.79,2.69
2024-03-28,2576,13.62,14.14,14.29,13.59,59854,85079774.0,5.15,4.12,0.56,3.7
2024-03-29,2576,14.1,14.49,14.51,14.09,50215,72457695.0,2.97,2.48,0.35,3.1
2024-04-01,2576,14.47,14.65,14.65,14.34,48140,70684688.0,2.14,1.1,0.16,2.97
2024-04-02,2576,14.87,15.0,15.61,14.67,98021,149655928.98,6.42,2.39,0.35,6.05
2024-04-03,2576,14.9,14.49,14.98,14.45,56098,82688234.0,3.53,-3.4,-0.51,3.46
2024-04-08,2576,14.42,13.92,14.48,13.91,46021,65714626.17,3.93,-3.93,-0.57,2.84
2024-04-09,2576,14.0,14.51,14.57,13.97,46948,68123358.0,4.31,4.24,0.59,2.9
2024-04-10,2576,14.37,14.06,14.45,13.82,41784,59383927.0,4.34,-3.1,-0.45,2.58
2024-04-11,2576,13.83,13.93,14.13,13.65,32191,45309445.0,3.41,-0.92,-0.13,1.99
2024-04-12,2576,13.96,13.86,14.17,13.83,25565,36121282.0,2.44,-0.5,-0.07,1.58
2024-04-15,2576,13.77,13.07,13.93,12.78,47724,63959138.0,8.3,-5.7,-0.79,2.95
2024-04-16,2576,12.97,11.75,12.97,11.75,55156,67606038.0,9.33,-10.1,-1.32,3.41
2024-04-17,2576,11.93,12.71,12.75,11.93,50213,63603981.0,6.98,8.17,0.96,3.1
2024-04-18,2576,12.71,13.01,13.25,12.57,44266,58060115.0,5.35,2.36,0.3,2.73
2024-04-19,2576,12.96,12.79,13.1,12.68,28655,37149148.6,3.23,-1.69,-0.22,1.77
2024-04-22,2576,12.86,12.54,12.94,12.29,28468,36320767.0,5.08,-1.95,-0.25,1.76
2024-04-23,2576,12.64,12.88,12.95,12.57,29554,38285540.0,3.03,2.71,0.34,1.83
2024-04-24,2576,12.87,13.18,13.18,12.87,30840,40848322.18,2.41,2.33,0.3,1.9
2024-04-25,2576,13.09,13.3,13.37,13.03,28371,37956432.0,2.58,0.91,0.12,1.75
2024-04-26,2576,12.87,13.1,13.21,12.42,58663,76710482.0,5.94,-1.5,-0.2,3.62
2024-04-29,2576,13.07,13.4,13.42,13.02,35500,47802341.0,3.05,2.29,0.3,2.19
2024-04-30,2576,13.47,13.19,13.48,13.06,28573,38156257.2,3.13,-1.57,-0.21,1.76
2024-05-06,2576,13.43,13.57,13.62,13.42,33090,45143998.6,1.52,2.88,0.38,2.04
2024-05-07,2576,13.48,13.59,13.69,13.46,25868,35450103.0,1.69,0.15,0.02,1.6
2024-05-08,2576,13.57,13.3,13.59,13.28,23713,32111837.0,2.28,-2.13,-0.29,1.46
2024-05-09,2576,13.31,13.57,13.62,13.25,28127,38463105.0,2.78,2.03,0.27,1.74
2024-05-10,2576,13.65,13.5,13.67,13.25,28585,38803364.0,3.1,-0.52,-0.07,1.77
2024-05-13,2576,13.3,13.29,13.42,13.03,25120,33663568.4,2.89,-1.56,-0.21,1.55
2024-05-14,2576,13.35,13.43,13.55,13.32,21124,28731050.55,1.73,1.05,0.14,1.3
2024-05-15,2576,13.29,13.07,13.45,13.03,24525,32849674.0,3.13,-2.68,-0.36,1.51
2024-05-16,2576,13.17,13.06,13.32,13.0,25166,33462076.0,2.45,-0.08,-0.01,1.55
2024-05-17,2576,13.17,13.19,13.23,12.98,17898,23725416.0,1.91,1.0,0.13,1.11
2024-05-20,2576,13.24,13.15,13.41,13.11,26226,35069423.0,2.27,-0.3,-0.04,1.62
2024-05-21,2576,13.08,12.69,13.21,12.65,40587,52444871.0,4.26,-3.5,-0.46,2.51
2024-05-22,2576,12.72,12.73,12.83,12.62,26951,34644263.0,1.65,0.32,0.04,1.66
2024-05-23,2576,12.76,12.41,12.76,12.37,25049,31611479.0,3.06,-2.51,-0.32,1.55
2024-05-24,2576,12.36,12.35,12.58,12.33,21091,26530520.94,2.01,-0.48,-0.06,1.3
2024-05-27,2576,12.37,12.57,12.59,12.18,25277,31682681.0,3.32,1.78,0.22,1.56
2024-05-28,2576,12.53,12.61,12.72,12.46,19914,25411826.0,2.07,0.32,0.04,1.23
2024-05-29,2576,12.55,12.97,13.36,12.55,57318,74844775.0,6.42,2.85,0.36,3.54
2024-05-30,2576,13.08,13.32,13.66,12.99,79032,105533820.0,5.17,2.7,0.35,4.88
2024-05-31,2576,13.32,13.14,13.65,13.07,89209,120276803.0,4.35,-1.35,-0.18,5.51
2024-06-03,2576,12.67,12.49,12.86,12.33,65427,83302646.0,4.03,-4.95,-0.65,4.04
2024-06-04,2576,12.49,12.13,12.49,11.85,48073,58422010.0,5.12,-2.88,-0.36,2.97
2024-06-05,2576,12.16,11.68,12.16,11.68,38579,46130122.99,3.96,-3.71,-0.45,2.38
2024-06-06,2576,11.68,11.04,11.77,10.88,51264,58065772.79,7.62,-5.48,-0.64,3.17
2024-06-07,2576,11.15,11.41,11.5,11.15,33823,38901185.02,3.17,3.35,0.37,2.09
2024-06-11,2576,11.35,11.4,11.45,11.04,22518,25647688.21,3.59,-0.09,-0.01,1.39
2024-06-12,2576,11.4,11.62,11.7,11.34,22164,25990811.42,3.16,1.93,0.22,1.37
2024-06-13,2576,11.8,11.73,12.12,11.69,32350,38561147.0,3.7,0.95,0.11,2.0
2024-06-14,2576,11.52,11.7,11.85,11.5,22185,26131085.0,2.98,-0.26,-0.03,1.37
2024-06-17,2576,11.62,11.69,11.87,11.55,16081,18976254.67,2.74,-0.09,-0.01,0.99
2024-06-18,2576,11.68,11.91,11.92,11.65,21229,25307547.0,2.31,1.88,0.22,1.31
2024-06-19,2576,11.92,11.81,11.97,11.78,15688,18736718.0,1.6,-0.84,-0.1,0.97
2024-06-20,2576,11.92,11.43,11.92,11.4,21625,25169952.0,4.4,-3.22,-0.38,1.34
2024-06-21,2576,11.43,11.36,11.46,11.23,11035,12624547.0,2.01,-0.61,-0.07,0.68
2024-06-24,2576,11.32,10.76,11.38,10.74,28125,30942801.33,5.63,-5.28,-0.6,1.74
2024-06-25,2576,10.83,10.97,11.23,10.78,23905,26511416.32,4.18,1.95,0.21,1.48
2024-06-26,2576,10.93,11.35,11.37,10.8,26908,30176355.41,5.2,3.46,0.38,1.66
2024-06-27,2576,11.27,11.15,11.47,11.15,20358,23180591.42,2.82,-1.76,-0.2,1.26
2024-06-28,2576,11.15,11.27,11.44,11.07,18153,20713521.92,3.32,1.08,0.12,1.12
2024-07-01,2576,11.3,11.37,11.44,11.11,18698,21189084.0,2.93,0.89,0.1,1.15
2024-07-02,2576,11.41,11.34,11.46,11.3,13414,15358924.0,1.41,-0.26,-0.03,0.83
2024-07-03,2576,11.34,11.16,11.41,11.15,12710,14394254.0,2.29,-1.59,-0.18,0.78
2024-07-04,2576,11.12,10.85,11.26,10.83,17670,19581153.0,3.85,-2.78,-0.31,1.09
2024-07-05,2576,10.86,10.88,10.95,10.64,16962,18454362.0,2.86,0.28,0.03,1.05
2024-07-08,2576,10.82,10.52,10.9,10.48,18551,19823692.0,3.86,-3.31,-0.36,1.14
2024-07-09,2576,10.56,10.76,10.77,10.25,21135,22480300.0,4.94,2.28,0.24,1.3
2024-07-10,2576,10.76,10.62,10.87,10.6,17915,19361227.82,2.51,-1.3,-0.14,1.11
2024-07-11,2576,10.84,11.05,11.05,10.82,28926,31912473.0,2.17,4.05,0.43,1.79
2024-07-12,2576,11.05,10.97,11.09,10.87,16305,18054383.0,1.99,-0.72,-0.08,1.01
2024-07-15,2576,10.97,10.7,10.97,10.66,15020,16265843.0,2.83,-2.46,-0.27,0.93
2024-07-16,2576,10.72,10.6,10.75,10.49,17928,19097594.0,2.43,-0.93,-0.1,1.11
2024-07-17,2576,10.63,10.35,10.64,10.34,18672,19597262.64,2.83,-2.36,-0.25,1.15
2024-07-18,2576,10.29,10.25,10.33,10.02,19451,19929424.16,3.0,-0.97,-0.1,1.2
2024-07-19,2576,10.37,11.28,11.28,10.37,42312,47892542.0,8.88,10.05,1.03,2.61
2024-07-22,2576,11.34,11.13,11.79,11.03,120710,138011154.12,6.74,-1.33,-0.15,7.45
2024-07-23,2576,11.11,11.12,11.38,11.01,77932,87906230.87,3.32,-0.09,-0.01,4.81
2024-07-24,2576,10.8,11.29,11.31,10.8,70964,79769956.33,4.59,1.53,0.17,4.38
2024-07-25,2576,11.11,11.52,11.52,10.97,83000,94660658.96,4.87,2.04,0.23,5.12
2024-07-26,2576,11.52,11.47,11.67,11.36,79575,92147383.81,2.69,-0.43,-0.05,4.91
2024-07-29,2576,11.42,11.41,11.46,11.26,41980,47939380.0,1.74,-0.52,-0.06,2.59
2024-07-30,2576,11.43,11.37,11.44,11.15,37539,42699974.58,2.54,-0.35,-0.04,2.32
2024-07-31,2576,11.49,11.67,11.71,11.35,61219,71446489.79,3.17,2.64,0.3,3.78
2024-08-01,2576,11.98,12.85,12.85,11.98,116587,148816873.68,7.46,10.11,1.18,7.2
2024-08-02,2576,12.85,12.88,13.7,12.32,204937,264799191.55,10.74,0.23,0.03,12.65
2024-08-05,2576,12.6,12.77,13.58,12.11,174899,223980724.83,11.41,-0.85,-0.11,10.79
2024-08-06,2576,12.52,12.83,13.47,12.52,132415,171621111.86,7.44,0.47,0.06,8.17
2024-08-07,2576,12.56,12.22,12.75,12.12,109872,136894882.0,4.91,-4.75,-0.61,6.78
2024-08-08,2576,12.22,11.92,12.29,11.81,71045,85485076.0,3.93,-2.45,-0.3,4.38
2024-08-09,2576,11.92,11.77,12.07,11.74,47979,57381797.0,2.77,-1.26,-0.15,2.96
2024-08-12,2576,11.83,12.0,12.0,11.59,52578,62734272.29,3.48,1.95,0.23,3.24
2024-08-13,2576,11.95,11.83,11.99,11.57,43836,51956464.86,3.5,-1.42,-0.17,2.71
2024-08-14,2576,11.72,11.96,12.25,11.63,50705,60741698.0,5.24,1.1,0.13,3.13
2024-08-15,2576,11.81,12.08,12.17,11.66,57141,68770776.95,4.26,1.0,0.12,3.53
2024-08-16,2576,12.08,11.68,12.1,11.65,46953,56103444.65,3.73,-3.31,-0.4,2.9
2024-08-19,2576,11.62,11.23,11.63,11.19,53820,61435044.92,3.77,-3.85,-0.45,3.32
2024-08-20,2576,11.32,11.12,11.32,11.01,24599,27553015.0,2.76,-0.98,-0.11,1.52
2024-08-21,2576,11.0,11.29,11.32,11.0,24618,27879772.8,2.88,1.53,0.17,1.52
2024-08-22,2576,11.22,11.02,11.29,11.0,26996,30267290.0,2.57,-2.39,-0.27,1.67
2024-08-23,2576,10.94,10.96,11.07,10.77,22983,25273493.0,2.72,-0.54,-0.06,1.42
2024-08-26,2576,11.08,11.19,11.26,10.97,20523,23059387.6,2.65,2.1,0.23,1.27
2024-08-27,2576,11.09,10.95,11.18,10.92,15152,16829526.0,2.32,-2.14,-0.24,0.94
2024-08-28,2576,10.96,11.01,11.15,10.89,19222,21371520.0,2.37,0.55,0.06,1.19
2024-08-29,2576,10.97,11.29,11.32,10.91,27524,31059162.0,3.72,2.54,0.28,1.7
2024-08-30,2576,11.24,11.34,11.59,11.23,37030,42603470.0,3.19,0.44,0.05,2.29
2024-09-02,2576,11.4,11.2,11.46,11.2,23120,26354755.0,2.29,-1.23,-0.14,1.43
2024-09-03,2576,11.22,11.37,11.42,11.18,20144,23008643.8,2.14,1.52,0.17,1.24
2024-09-04,2576,11.31,11.32,11.5,11.23,19004,21771293.0,2.37,-0.44,-0.05,1.17
2024-09-05,2576,11.32,11.33,11.44,11.22,17334,19769822.0,1.94,0.09,0.01,1.07
2024-09-06,2576,11.33,11.08,11.37,11.07,21833,24632895.0,2.65,-2.21,-0.25,1.35
2024-09-09,2576,11.04,11.17,11.28,10.97,19515,21937022.0,2.8,0.81,0.09,1.2
2024-09-10,2576,11.35,11.46,11.53,11.19,33075,37902426.4,3.04,2.6,0.29,2.04
2024-09-11,2576,11.34,11.54,11.56,11.33,28251,32652168.0,2.01,0.7,0.08,1.74
2024-09-12,2576,11.49,11.46,11.66,11.42,22578,26238255.0,2.08,-0.69,-0.08,1.39
2024-09-13,2576,11.42,11.17,11.56,11.17,22003,25080219.0,3.4,-2.53,-0.29,1.36
2024-09-18,2576,11.18,11.02,11.27,10.82,23789,26308853.0,4.03,-1.34,-0.15,1.47
2024-09-19,2576,11.05,11.32,11.4,11.05,23352,26478628.0,3.18,2.72,0.3,1.44
2024-09-20,2576,11.32,11.2,11.37,11.14,18408,20796822.0,2.03,-1.06,-0.12,1.14
2024-09-23,2576,11.22,11.21,11.32,11.1,16509,18666790.0,1.96,0.09,0.01,1.02
2024-09-24,2576,11.28,11.54,11.54,11.14,34042,39058475.0,3.57,2.94,0.33,2.1
2024-09-25,2576,11.61,11.55,11.84,11.54,38123,44878310.0,2.6,0.09,0.01,2.35
2024-09-26,2576,11.58,11.87,11.87,11.5,39827,47060399.0,3.2,2.77,0.32,2.46
2024-09-27,2576,12.0,12.34,12.52,11.95,75158,92426482.0,4.8,3.96,0.47,4.64
2024-09-30,2576,12.74,13.36,13.5,12.47,124009,162360192.76,8.35,8.27,1.02,7.65
2024-10-08,2576,14.69,13.99,14.7,13.33,144544,202910597.6,10.25,4.72,0.63,8.92
2024-10-09,2576,13.78,12.75,13.78,12.75,86971,115910847.48,7.36,-8.86,-1.24,5.37
2024-10-10,2576,12.99,13.05,13.35,12.88,64012,84716050.79,3.69,2.35,0.3,3.95
2024-10-11,2576,12.9,12.37,13.0,12.24,59309,75033174.0,5.82,-5.21,-0.68,3.66
2024-10-14,2576,12.42,12.69,12.72,12.32,38758,49031085.81,3.23,2.59,0.32,2.39
2024-10-15,2576,12.62,12.52,12.88,12.44,33477,42606328.93,3.47,-1.34,-0.17,2.07
2024-10-16,2576,12.38,12.43,12.62,12.32,26178,32809551.34,2.4,-0.72,-0.09,1.62
2024-10-17,2576,12.57,12.34,12.67,12.32,26902,33757233.04,2.82,-0.72,-0.09,1.66
2024-10-18,2576,12.42,12.59,12.74,12.31,43900,55519199.52,3.48,2.03,0.25,2.71
2024-10-21,2576,12.62,12.84,12.9,12.62,50575,65041286.0,2.22,1.99,0.25,3.12
2024-10-22,2576,12.77,13.11,13.19,12.7,50969,66647008.32,3.82,2.1,0.27,3.15
2024-10-23,2576,13.16,13.0,13.21,12.94,50668,66705630.0,2.06,-0.84,-0.11,3.13
2024-10-24,2576,12.93,12.93,13.05,12.85,26845,34913158.0,1.54,-0.54,-0.07,1.66
2024-10-25,2576,12.98,13.21,13.26,12.97,42814,56655800.38,2.24,2.17,0.28,2.64
2024-10-28,2576,13.31,13.38,13.42,13.24,50652,67999639.9,1.36,1.29,0.17,3.13
2024-10-29,2576,13.26,12.93,13.41,12.89,51316,67696821.0,3.89,-3.36,-0.45,3.17
2024-10-30,2576,12.89,12.92,13.2,12.71,47936,62375175.0,3.79,-0.08,-0.01,2.96
2024-10-31,2576,12.93,13.11,13.15,12.92,46809,61529664.0,1.78,1.47,0.19,2.89
2024-11-01,2576,13.1,12.58,13.11,12.53,52609,67403682.0,4.42,-4.04,-0.53,3.25
2024-11-04,2576,12.62,13.17,13.18,12.62,52191,68158928.0,4.45,4.69,0.59,3.22
2024-11-05,2576,13.24,13.35,13.43,13.07,68945,91854522.99,2.73,1.37,0.18,4.26
2024-11-06,2576,13.35,13.37,13.49,13.18,66820,89853089.0,2.32,0.15,0.02,4.12
2024-11-07,2576,13.24,13.52,13.53,13.2,66878,90257339.49,2.47,1.12,0.15,4.13
2024-11-08,2576,13.59,13.82,13.99,13.35,129364,177882661.44,4.73,2.22,0.3,7.98
2024-11-11,2576,13.8,14.04,14.04,13.52,108308,150601844.85,3.76,1.59,0.22,6.68
2024-11-12,2576,14.01,13.91,14.29,13.76,100585,141965836.37,3.77,-0.93,-0.13,6.21
2024-11-13,2576,13.82,13.96,14.15,13.54,65422,91101968.98,4.39,0.36,0.05,4.04
2024-11-14,2576,13.96,13.54,14.02,13.52,44015,60877140.0,3.58,-3.01,-0.42,2.72
2024-11-15,2576,13.57,13.44,13.92,13.42,59127,81074829.0,3.69,-0.74,-0.1,3.65
2024-11-18,2576,13.47,13.06,13.59,12.95,44403,58895323.0,4.76,-2.83,-0.38,2.74
2024-11-19,2576,13.07,13.74,13.74,13.07,60102,81470491.91,5.13,5.21,0.68,3.71
2024-11-20,2576,13.74,14.02,14.17,13.62,79024,110678832.93,4.0,2.04,0.28,4.88
2024-11-21,2576,13.92,14.07,14.17,13.88,60634,85724432.12,2.07,0.36,0.05,3.74
2024-11-22,2576,14.02,13.51,14.1,13.49,51036,70969909.6,4.34,-3.98,-0.56,3.15
2024-11-25,2576,13.54,14.87,14.87,13.53,193961,283596739.91,9.92,10.07,1.36,11.97
2024-11-26,2576,15.58,14.64,16.32,14.64,405600,633895944.98,11.3,-1.55,-0.23,25.03
2024-11-27,2576,14.42,15.12,15.28,14.18,248458,371488611.92,7.51,3.28,0.48,15.33
2024-11-28,2576,14.97,14.58,15.08,14.42,187100,275856802.25,4.37,-3.57,-0.54,11.55
2024-11-29,2576,14.55,14.35,14.55,14.11,145105,208942269.41,3.02,-1.58,-0.23,8.96
2024-12-02,2576,14.36,14.74,14.97,14.36,144283,213307748.85,4.25,2.72,0.39,8.9
2024-12-03,2576,14.58,14.72,15.02,14.53,112017,166023828.0,3.32,-0.14,-0.02,6.91
2024-12-04,2576,14.58,14.89,14.97,14.45,134484,199930835.6,3.53,1.15,0.17,8.3
2024-12-05,2576,15.08,15.34,15.52,14.74,182720,277392385.66,5.24,3.02,0.45,11.28
2024-12-06,2576,15.13,15.07,15.27,14.82,128957,194701354.44,2.93,-1.76,-0.27,7.96
2024-12-09,2576,15.03,14.83,15.12,14.62,84260,125861708.0,3.32,-1.59,-0.24,5.2
2024-12-10,2576,15.2,14.75,15.26,14.7,93563,140417774.94,3.78,-0.54,-0.08,5.77
2024-12-11,2576,14.69,14.74,14.77,14.55,79136,116594221.0,1.49,-0.07,-0.01,4.88
2024-12-12,2576,14.72,14.74,14.74,14.47,73024,107455757.0,1.83,0.0,0.0,4.51
2024-12-13,2576,14.62,16.22,16.22,14.55,191141,305800365.4,11.33,10.04,1.48,11.8
2024-12-16,2576,16.55,16.21,17.39,15.92,432119,725862338.38,9.06,-0.06,-0.01,26.67
2024-12-17,2576,16.16,15.18,16.34,15.06,201037,313851904.27,7.9,-6.35,-1.03,12.41
2024-12-18,2576,15.2,16.71,16.71,15.2,181937,303612610.07,9.95,10.08,1.53,11.23
2024-12-19,2576,16.24,16.72,17.23,16.03,387447,649532662.66,7.18,0.06,0.01,23.91
2024-12-20,2576,16.15,16.01,16.49,15.95,223813,364284413.96,3.23,-4.25,-0.71,13.81
2024-12-23,2576,16.11,15.58,16.38,15.24,147695,232031081.0,7.12,-2.69,-0.43,9.12
2024-12-24,2576,15.59,17.15,17.15,15.59,192033,328151293.32,10.01,10.08,1.57,11.85
2024-12-25,2576,17.39,16.51,17.66,16.35,314020,529454152.13,7.64,-3.73,-0.64,19.38
2024-12-26,2576,16.62,16.98,17.26,16.62,299210,509137205.56,3.88,2.85,0.47,18.47
2024-12-27,2576,16.91,17.22,18.19,16.8,355923,623441852.31,8.19,1.41,0.24,21.97
2024-12-30,2576,16.77,17.65,17.69,16.75,272190,474498797.03,5.46,2.5,0.43,16.8
2024-12-31,2576,17.32,17.06,17.32,16.54,171321,290951582.5,4.42,-3.34,-0.59,10.58
2025-01-02,2576,16.66,17.02,18.77,16.2,185274,319651695.57,15.06,-0.23,-0.04,11.44
2025-01-03,2576,16.86,15.31,16.9,15.31,176554,277974300.26,9.34,-10.05,-1.71,10.9
2025-01-06,2576,14.45,13.77,14.89,13.77,174523,245366696.94,7.32,-10.06,-1.54,10.78
2025-01-07,2576,13.92,13.99,14.24,13.22,131817,181422666.0,7.41,1.6,0.22,8.14
2025-01-08,2576,13.85,13.61,13.89,13.07,122314,166069053.0,5.86,-2.72,-0.38,7.55
2025-01-09,2576,13.52,13.8,14.21,13.37,120726,168009353.6,6.17,1.4,0.19,7.46
2025-01-10,2576,13.7,13.22,14.18,13.22,120569,166697205.0,6.96,-4.2,-0.58,7.45
2025-01-13,2576,12.92,12.89,13.09,12.52,81135,104607629.52,4.31,-2.5,-0.33,5.01
2025-01-14,2576,12.96,13.98,14.01,12.95,133666,183469261.0,8.22,8.46,1.09,8.26
2025-01-15,2576,13.93,13.99,14.28,13.93,100502,142180960.08,2.5,0.07,0.01,6.21
2025-01-16,2576,14.09,14.29,14.52,14.03,100783,144770339.0,3.5,2.14,0.3,6.22
2025-01-17,2576,14.29,14.02,14.39,13.93,59325,83934440.9,3.22,-1.89,-0.27,3.66
2025-01-20,2576,14.21,14.27,14.33,13.95,65851,94004197.5,2.71,1.78,0.25,4.07
2025-01-21,2576,14.35,14.39,14.5,14.08,57097,82022336.5,2.94,0.84,0.12,3.53
2025-01-22,2576,14.39,14.42,14.75,14.16,91249,132765888.5,4.1,0.21,0.03,5.64
2025-01-23,2576,14.66,14.51,15.2,14.42,121945,180361508.0,5.41,0.62,0.09,7.53
2025-01-24,2576,14.37,14.59,14.64,14.25,78094,113717794.0,2.69,0.55,0.08,4.82
2025-01-27,2576,14.6,14.08,14.72,13.96,68979,98659619.0,5.21,-3.5,-0.51,4.26
2025-02-05,2576,14.21,14.32,14.46,14.17,53627,77275483.0,2.06,1.7,0.24,3.31
2025-02-06,2576,14.39,15.76,15.76,14.26,109384,166574580.25,10.47,10.06,1.44,6.76
2025-02-07,2576,16.4,15.9,16.69,15.64,331049,537555984.3,6.66,0.89,0.14,20.45
2025-02-10,2576,15.83,15.9,16.12,15.47,191602,302628468.2,4.09,0.0,0.0,11.83
2025-02-11,2576,15.92,15.81,16.06,15.74,132170,210752987.89,2.01,-0.57,-0.09,8.16
2025-02-12,2576,15.8,16.08,16.13,15.61,149919,240646629.29,3.29,1.71,0.27,9.26
2025-02-13,2576,16.06,15.58,16.06,15.58,106282,168054749.0,2.99,-3.11,-0.5,6.56
2025-02-14,2576,15.58,15.48,15.77,15.38,68924,107311790.38,2.5,-0.64,-0.1,4.26
2025-02-17,2576,15.64,15.81,15.82,15.47,91311,143631970.49,2.26,2.13,0.33,5.64
2025-02-18,2576,15.91,15.4,15.94,15.29,86245,135327085.43,4.11,-2.59,-0.41,5.33
2025-02-19,2576,15.41,15.86,15.89,15.33,100673,159476086.5,3.64,2.99,0.46,6.22
2025-02-20,2576,15.87,16.17,16.31,15.77,166548,269526003.06,3.4,1.95,0.31,10.29
2025-02-21,2576,16.07,16.14,16.26,16.02,125841,203687458.9,1.48,-0.19,-0.03,7.77
2025-02-24,2576,16.09,15.99,16.2,15.73,91595,147185008.15,2.91,-0.93,-0.15,5.66
2025-02-25,2576,15.9,16.0,16.12,15.74,80150,128615590.0,2.38,0.06,0.01,4.95
2025-02-26,2576,16.0,16.25,16.47,15.93,139816,228546163.47,3.38,1.56,0.25,8.64
2025-02-27,2576,16.26,16.08,16.37,15.77,93244,150352799.44,3.69,-1.05,-0.17,5.76
2025-02-28,2576,15.92,15.32,16.07,15.3,80546,126111688.0,4.79,-4.73,-0.76,4.97
2025-03-03,2576,15.37,15.37,15.7,15.22,62917,98004936.0,3.13,0.33,0.05,3.89
2025-03-04,2576,15.2,15.69,15.77,15.19,58431,91607328.0,3.77,2.08,0.32,3.61
2025-03-05,2576,15.7,16.4,17.26,15.62,199320,327785518.56,10.45,4.53,0.71,12.31
2025-03-06,2576,16.43,16.36,16.56,16.21,147071,242278542.0,2.13,-0.24,-0.04,9.08
2025-03-07,2576,16.24,16.18,16.47,16.05,93685,153168028.0,2.57,-1.1,-0.18,5.79
2025-03-10,2576,16.47,16.62,16.8,16.33,172818,288281841.5,2.9,2.72,0.44,10.67
2025-03-11,2576,16.24,16.82,16.91,16.22,189581,318811646.35,4.15,1.2,0.2,11.71
2025-03-12,2576,16.89,17.41,17.72,16.73,237591,411160983.75,5.89,3.51,0.59,14.67
2025-03-13,2576,17.15,17.1,17.46,16.69,161150,275310092.08,4.42,-1.78,-0.31,9.95
2025-03-14,2576,16.93,17.0,17.09,16.52,143501,242332038.57,3.33,-0.58,-0.1,8.86
2025-03-17,2576,16.94,16.68,16.94,16.55,90054,150978146.06,2.29,-1.88,-0.32,5.56
2025-03-18,2576,16.81,17.05,17.32,16.71,112772,191918220.95,3.66,2.22,0.37,6.97
2025-03-19,2576,16.92,17.1,17.38,16.87,138178,238447883.6,2.99,0.29,0.05,8.53
2025-03-20,2576,17.04,17.43,18.1,16.98,185403,324585222.97,6.55,1.93,0.33,11.45
2025-03-21,2576,17.43,16.79,17.43,16.67,130788,222678668.0,4.36,-3.67,-0.64,8.08
2025-03-24,2576,16.68,16.07,16.92,15.53,123115,199262816.16,8.28,-4.29,-0.72,7.6
2025-03-25,2576,15.91,16.04,16.63,15.76,78370,127883825.0,5.41,-0.19,-0.03,4.84
2025-03-26,2576,15.92,16.39,16.65,15.91,83443,137591614.0,4.61,2.18,0.35,5.15
2025-03-27,2576,16.27,15.79,16.35,15.72,74385,118790405.0,3.84,-3.66,-0.6,4.59
2025-03-28,2576,15.72,15.29,15.92,15.25,66249,102945769.0,4.24,-3.17,-0.5,4.09
2025-03-31,2576,15.09,14.98,15.22,14.53,65322,97368331.5,4.51,-2.03,-0.31,4.03
2025-04-01,2576,15.02,14.93,15.21,14.86,41559,62748251.0,2.34,-0.33,-0.05,2.57
2025-04-02,2576,14.98,15.06,15.27,14.9,38829,59024934.6,2.48,0.87,0.13,2.4
2025-04-03,2576,14.92,14.87,15.17,14.68,39905,59771939.0,3.25,-1.26,-0.19,2.46
2025-04-07,2576,13.92,13.38,13.92,13.38,37344,50658327.21,3.63,-10.02,-1.49,2.31
2025-04-08,2576,12.71,12.26,13.18,12.03,122582,152831418.14,8.59,-8.37,-1.12,7.57
2025-04-09,2576,12.04,12.5,12.67,11.06,93703,112710605.3,13.13,1.96,0.24,5.79
2025-04-10,2576,12.9,12.9,13.22,12.84,74821,98228208.0,3.04,3.2,0.4,4.62
2025-04-11,2576,12.75,13.08,13.24,12.75,47756,62896628.0,3.8,1.4,0.18,2.95
2025-04-14,2576,13.29,13.29,13.5,13.22,42391,56931595.0,2.14,1.61,0.21,2.62
2025-04-15,2576,13.28,13.39,13.44,13.19,37055,49638144.0,1.88,0.75,0.1,2.29
2025-04-16,2576,13.32,13.11,13.39,12.85,40539,53479850.0,4.03,-2.09,-0.28,2.5
2025-04-17,2576,13.09,13.28,13.5,13.05,50079,67243380.0,3.43,1.3,0.17,3.09
2025-04-18,2576,13.24,13.45,13.84,13.14,76479,103271790.0,5.27,1.28,0.17,4.72
2025-04-21,2576,13.39,13.56,13.59,13.23,57962,78634745.5,2.68,0.82,0.11,3.58
2025-04-22,2576,13.63,13.72,13.99,13.56,66165,91869779.0,3.17,1.18,0.16,4.09
2025-04-23,2576,13.95,14.24,14.32,13.82,64217,91249308.28,3.64,3.79,0.52,3.97
2025-04-24,2576,14.16,14.14,14.46,14.02,60180,86282269.0,3.09,-0.7,-0.1,3.72
2025-04-25,2576,14.06,14.27,14.36,14.06,37716,53938244.5,2.12,0.92,0.13,2.33
2025-04-28,2576,14.14,13.97,14.31,13.89,32730,46186082.0,2.94,-2.1,-0.3,2.02
2025-04-29,2576,13.98,14.35,14.43,13.93,46134,66371845.59,3.58,2.72,0.38,2.85
2025-04-30,2576,14.39,14.57,14.7,14.35,41576,60804202.0,2.44,1.53,0.22,2.57
2025-05-06,2576,14.76,16.04,16.04,14.62,115388,180100148.53,9.75,10.09,1.47,7.13
2025-05-07,2576,16.07,15.67,16.27,15.42,213595,337702978.31,5.3,-2.31,-0.37,13.19
2025-05-08,2576,15.58,15.92,16.15,15.57,153526,245561193.88,3.7,1.6,0.25,9.48
2025-05-09,2576,16.02,15.78,16.04,15.62,90895,144350266.84,2.64,-0.88,-0.14,5.61
2025-05-12,2576,15.93,16.1,16.16,15.86,106023,170856131.7,1.9,2.03,0.32,6.55
2025-05-13,2576,16.26,15.88,16.27,15.82,65883,105605335.0,2.8,-1.37,-0.22,4.07
2025-05-14,2576,15.79,15.81,15.96,15.73,54025,85956859.0,1.45,-0.44,-0.07,3.34
2025-05-15,2576,15.86,16.05,16.28,15.56,112791,181198322.18,4.55,1.52,0.24,6.97
2025-05-16,2576,16.18,16.58,16.88,15.97,196119,324437253.2,5.67,3.3,0.53,12.11
2025-05-19,2576,16.27,16.3,16.57,16.11,136182,222205648.4,2.77,-1.69,-0.28,8.41
2025-05-20,2576,16.18,16.42,16.52,15.87,111404,181850956.0,3.99,0.74,0.12,6.88
2025-05-21,2576,16.27,16.77,16.83,16.17,166999,277911569.8,4.02,2.13,0.35,10.31
2025-05-22,2576,16.61,16.32,17.05,16.27,132881,220708833.4,4.65,-2.68,-0.45,8.21
2025-05-23,2576,16.22,15.92,16.38,15.9,108449,175685885.4,2.94,-2.45,-0.4,6.7
2025-05-26,2576,15.92,16.1,16.23,15.92,64738,104749671.1,1.95,1.13,0.18,4.0
2025-05-27,2576,16.1,16.27,16.5,15.89,72365,118073900.0,3.79,1.06,0.17,4.47
2025-05-28,2576,16.43,16.39,16.88,16.26,101777,169093168.15,3.81,0.74,0.12,6.29
2025-05-29,2576,16.58,18.04,18.04,16.52,202151,355139195.88,9.27,10.07,1.65,12.49
2025-05-30,2576,17.39,16.33,17.49,16.25,334078,559510740.08,6.87,-9.48,-1.71,20.63
2025-06-03,2576,16.0,16.08,16.38,15.88,151573,245153117.45,3.06,-1.53,-0.25,9.36
2025-06-04,2576,16.21,16.01,16.29,15.91,106026,170826461.8,2.36,-0.44,-0.07,6.55
2025-06-05,2576,15.94,16.2,16.74,15.93,151838,248684007.0,5.06,1.19,0.19,9.38
2025-06-06,2576,16.16,16.25,16.36,15.97,94691,153748684.0,2.41,0.31,0.05,5.85
2025-06-09,2576,16.35,16.22,16.35,16.13,69709,113634449.4,1.35,-0.18,-0.03,4.31
2025-06-10,2576,16.17,15.98,16.24,15.65,93788,150546952.0,3.64,-1.48,-0.24,5.79
2025-06-11,2576,16.22,16.33,16.57,16.08,112882,185665845.0,3.07,2.19,0.35,6.97
2025-06-12,2576,16.14,16.22,16.4,16.1,69421,113194259.0,1.84,-0.67,-0.11,4.29
2025-06-13,2576,16.09,15.92,16.19,15.9,66891,107621235.34,1.79,-1.85,-0.3,4.13
2025-06-16,2576,15.91,16.1,16.19,15.82,44303,71608036.0,2.32,1.13,0.18,2.74
2025-06-17,2576,16.2,15.9,16.23,15.8,48547,77736598.0,2.67,-1.24,-0.2,3.0
2025-06-18,2576,15.8,15.81,15.92,15.67,43134,68320885.79,1.57,-0.57,-0.09,2.66
2025-06-19,2576,15.73,15.4,15.87,15.33,48470,75874621.0,3.42,-2.59,-0.41,2.99
2025-06-20,2576,15.4,15.23,15.6,15.21,33224,51184505.46,2.53,-1.1,-0.17,2.05
2025-06-23,2576,15.03,15.48,15.53,15.03,33598,51924005.0,3.28,1.64,0.25,2.08
2025-06-24,2576,15.48,16.09,16.09,15.48,56783,91087037.0,3.94,3.94,0.61,3.51
2025-06-25,2576,16.09,16.21,16.34,16.01,49258,80085502.0,2.05,0.75,0.12,3.04
2025-06-26,2576,16.17,16.12,16.25,16.04,36532,59349530.22,1.3,-0.56,-0.09,2.26
2025-06-27,2576,16.18,16.19,16.24,16.04,34974,56700190.0,1.24,0.43,0.07,2.16
2025-06-30,2576,16.27,16.37,16.38,16.2,46642,76388643.0,1.11,1.11,0.18,2.88
2025-07-01,2576,16.41,16.41,16.56,16.27,49569,81710305.0,1.77,0.24,0.04,3.06
2025-07-02,2576,16.41,16.48,16.5,16.28,44866,73973786.0,1.34,0.43,0.07,2.77
2025-07-03,2576,16.5,16.58,16.62,16.37,46955,77865839.7,1.52,0.61,0.1,2.9
2025-07-04,2576,16.62,16.29,16.63,16.23,47981,78870885.0,2.41,-1.75,-0.29,2.96
2025-07-07,2576,16.25,16.49,16.53,16.15,42434,69977492.0,2.33,1.23,0.2,2.62
2025-07-08,2576,16.54,16.62,16.66,16.48,40939,68280136.0,1.09,0.79,0.13,2.53
2025-07-09,2576,16.61,16.59,16.92,16.57,56936,95634483.0,2.11,-0.18,-0.03,3.51
2025-07-10,2576,16.55,16.44,16.6,16.34,46900,77518136.0,1.57,-0.9,-0.15,2.89
2025-07-11,2576,16.46,16.47,16.58,16.29,40910,67257031.34,1.76,0.18,0.03,2.52
2025-07-14,2576,16.5,16.8,16.89,16.35,59346,99421430.28,3.28,2.0,0.33,3.66
2025-07-15,2576,16.81,16.75,16.94,16.5,60120,100387296.0,2.62,-0.3,-0.05,3.71
2025-07-16,2576,16.75,16.9,16.93,16.64,56649,95324337.42,1.73,0.9,0.15,3.5
2025-07-17,2576,16.9,16.99,16.99,16.79,49402,83596197.0,1.18,0.53,0.09,3.05
2025-07-18,2576,17.0,16.94,17.12,16.79,41981,70896573.5,1.94,-0.29,-0.05,2.59
2025-07-21,2576,17.12,17.39,17.99,17.12,117739,205244588.9,5.14,2.66,0.45,7.27
2025-07-22,2576,17.34,18.0,18.96,17.21,228403,408064334.63,10.06,3.51,0.61,14.1
2025-07-23,2576,18.02,17.35,18.15,17.32,194349,341231206.41,4.61,-3.61,-0.65,11.99
2025-07-24,2576,17.63,17.3,17.66,17.16,111971,194231295.19,2.88,-0.29,-0.05,6.91
2025-07-25,2576,17.22,17.32,17.36,17.0,86747,149674337.0,2.08,0.12,0.02,5.35
2025-07-28,2576,17.33,17.2,17.46,17.15,74080,127817284.5,1.79,-0.69,-0.12,4.57
2025-07-29,2576,17.16,16.99,17.17,16.89,62416,105954676.92,1.63,-1.22,-0.21,3.85
2025-07-30,2576,17.1,16.61,17.12,16.47,79065,131903973.0,3.83,-2.24,-0.38,4.88
2025-07-31,2576,16.6,16.5,16.84,16.48,53010,88290084.0,2.17,-0.66,-0.11,3.27
2025-08-01,2576,16.5,16.68,16.7,16.5,39778,66147523.0,1.21,1.09,0.18,2.46
2025-08-04,2576,16.62,17.08,17.19,16.57,67560,114715315.66,3.72,2.4,0.4,4.17
2025-08-05,2576,17.19,17.41,17.44,17.07,81928,142166446.3,2.17,1.93,0.33,5.06
2025-08-06,2576,17.46,17.7,17.72,17.33,80620,141631035.0,2.24,1.67,0.29,4.98
2025-08-07,2576,17.72,17.63,17.72,17.51,62956,110769067.03,1.19,-0.4,-0.07,3.89
2025-08-08,2576,17.56,17.6,17.7,17.42,44169,77557208.7,1.59,-0.17,-0.03,2.73
2025-08-11,2576,17.66,17.59,17.72,17.52,49133,86629204.0,1.14,-0.06,-0.01,3.03
2025-08-12,2576,17.6,17.63,17.72,17.5,51440,90544961.44,1.25,0.23,0.04,3.17
2025-08-13,2576,17.65,17.75,17.77,17.52,54389,96034324.0,1.42,0.68,0.12,3.36
2025-08-14,2576,17.81,17.58,17.99,17.39,89315,157757295.5,3.38,-0.96,-0.17,5.51
2025-08-15,2576,18.1,18.74,19.3,18.08,307665,572351431.2,6.94,6.6,1.16,18.99
2025-08-18,2576,19.01,19.21,19.48,18.61,243523,464294315.84,4.64,2.51,0.47,15.03
2025-08-19,2576,19.16,19.13,19.3,18.74,162330,308866564.26,2.92,-0.42,-0.08,10.02
2025-08-20,2576,19.5,21.04,21.04,19.41,116011,236027237.28,8.52,9.98,1.91,7.16
2025-08-21,2576,21.32,19.53,21.59,19.33,426490,849003551.53,10.74,-7.18,-1.51,26.32
2025-08-22,2576,19.52,19.19,19.52,18.96,205514,393532626.0,2.87,-1.74,-0.34,12.68
2025-08-25,2576,19.2,19.04,19.33,19.01,157910,302188036.05,1.67,-0.78,-0.15,9.75
2025-08-26,2576,19.0,19.1,19.33,18.8,116707,222760064.9,2.78,0.32,0.06,7.2
2025-08-27,2576,19.01,18.42,19.09,18.4,134625,253404041.99,3.61,-3.56,-0.68,8.31
2025-08-28,2576,18.41,18.82,18.83,18.04,115561,213931739.87,4.29,2.17,0.4,7.13
2025-08-29,2576,18.7,18.67,19.15,18.51,99529,187658422.0,3.4,-0.8,-0.15,6.14
2025-09-01,2576,18.57,18.86,19.0,18.57,77369,145401148.99,2.3,1.02,0.19,4.78
2025-09-02,2576,18.86,18.46,18.86,18.06,90866,167051444.0,4.24,-2.12,-0.4,5.61
2025-09-03,2576,18.5,17.93,18.58,17.81,72652,131996037.52,4.17,-2.87,-0.53,4.48
2025-09-04,2576,17.93,18.0,18.28,17.65,64820,117085605.0,3.51,0.39,0.07,4.0
2025-09-05,2576,18.01,18.63,18.64,17.93,69198,127113562.0,3.94,3.5,0.63,4.27
2025-09-08,2576,18.65,18.85,18.87,18.53,66688,125028786.44,1.83,1.18,0.22,4.12
2025-09-09,2576,18.8,18.72,18.99,18.53,61499,115271270.0,2.44,-0.69,-0.13,3.8
2025-09-10,2576,18.68,18.59,18.71,18.38,45701,84844418.62,1.76,-0.69,-0.13,2.82
2025-09-11,2576,18.5,18.9,18.92,18.32,68551,128203917.0,3.23,1.67,0.31,4.23
2025-09-12,2576,18.85,18.63,19.1,18.61,80330,151460169.06,2.59,-1.43,-0.27,4.96
2025-09-15,2576,18.56,18.4,18.76,18.3,64247,118705467.0,2.47,-1.23,-0.23,3.97
2025-09-16,2576,18.26,19.02,19.07,18.21,100999,189527899.65,4.67,3.37,0.62,6.23
2025-09-17,2576,18.91,19.27,19.55,18.8,145955,282182514.96,3.94,1.31,0.25,9.01
2025-09-18,2576,19.38,18.95,19.41,18.66,118127,226301722.13,3.89,-1.66,-0.32,7.29
2025-09-19,2576,18.85,18.45,19.01,18.37,64910,120570523.0,3.38,-2.64,-0.5,4.01
2025-09-22,2576,18.36,18.43,18.62,18.2,44974,82591209.0,2.28,-0.11,-0.02,2.78
2025-09-23,2576,18.4,18.21,18.58,17.65,73177,131557907.25,5.05,-1.19,-0.22,4.52
2025-09-24,2576,18.35,18.46,18.46,17.98,52345,95763297.74,2.64,1.37,0.25,3.23
2025-09-25,2576,18.41,18.06,18.48,18.04,50482,91999005.0,2.38,-2.17,-0.4,3.12
2025-09-26,2576,18.03,18.06,18.35,17.91,47861,86813525.0,2.44,0.0,0.0,2.95
2025-09-29,2576,18.03,18.26,18.4,17.69,47716,86759147.34,3.93,1.11,0.2,2.94
2025-09-30,2576,18.41,17.98,18.41,17.98,45494,82413295.5,2.35,-1.53,-0.28,2.81
2025-10-09,2576,18.0,17.84,18.08,17.79,58950,105443919.0,1.61,-0.78,-0.14,3.64
2025-10-10,2576,17.78,17.8,18.1,17.74,58130,104078548.0,2.02,-0.22,-0.04,3.59
2025-10-13,2576,17.08,17.65,17.68,16.71,60771,105546325.0,5.45,-0.84,-0.15,3.75
2025-10-14,2576,17.71,17.28,17.88,17.21,54270,94865571.34,3.8,-2.1,-0.37,3.35
2025-10-15,2576,17.73,17.95,17.95,17.45,65280,115691139.5,2.89,3.88,0.67,4.03
2025-10-16,2576,17.95,17.69,18.08,17.61,37955,67672594.0,2.62,-1.45,-0.26,2.34
2025-10-17,2576,17.6,17.01,17.75,16.99,45952,79423222.0,4.3,-3.84,-0.68,2.84
2025-10-20,2576,17.27,17.57,17.63,17.24,48938,85648954.44,2.29,3.29,0.56,3.02
2025-10-21,2576,17.52,17.84,17.87,17.43,34592,61263437.0,2.5,1.54,0.27,2.13
2025-10-22,2576,17.8,18.11,18.23,17.69,50806,91858058.0,3.03,1.51,0.27,3.14
2025-10-23,2576,18.11,18.34,18.35,17.85,57489,104296511.5,2.76,1.27,0.23,3.55
2025-10-24,2576,18.3,18.25,18.38,18.13,55457,101121866.0,1.36,-0.49,-0.09,3.42
2025-10-27,2576,18.3,18.28,18.41,18.14,46281,84590597.2,1.48,0.16,0.03,2.86
2025-10-28,2576,18.36,18.54,18.66,18.25,58338,107552480.0,2.24,1.42,0.26,3.6
2025-10-29,2576,18.37,18.36,18.46,18.23,45791,83954514.0,1.24,-0.97,-0.18,2.83
2025-10-30,2576,18.37,18.26,18.75,18.24,62591,115739205.08,2.78,-0.54,-0.1,3.86
2025-10-31,2576,18.24,18.37,18.59,18.2,49240,90881384.6,2.14,0.6,0.11,3.04
2025-11-03,2576,18.38,18.66,18.74,18.36,59614,111096180.5,2.07,1.58,0.29,3.68
2025-11-04,2576,18.76,18.25,18.76,18.16,63434,116886840.0,3.22,-2.2,-0.41,3.92
2025-11-05,2576,18.15,18.46,18.52,18.14,44443,81496816.15,2.08,1.15,0.21,2.74
2025-11-06,2576,18.5,18.58,18.6,18.25,47591,87981794.0,1.9,0.65,0.12,2.94
2025-11-07,2576,18.51,18.4,18.69,18.37,37240,68862642.0,1.72,-0.97,-0.18,2.3
2025-11-10,2576,18.47,18.09,18.47,18.07,50409,91718742.0,2.17,-1.68,-0.31,3.11
2025-11-11,2576,18.16,18.17,18.39,18.0,37262,68063113.0,2.16,0.44,0.08,2.3
2025-11-12,2576,18.13,17.85,18.14,17.74,43635,78102569.0,2.2,-1.76,-0.32,2.69
2025-11-13,2576,17.84,17.84,17.97,17.63,34221,61015120.0,1.9,-0.06,-0.01,2.11
2025-11-14,2576,17.8,17.93,18.17,17.71,33158,59676553.0,2.58,0.5,0.09,2.05
2025-11-17,2576,17.85,17.93,18.01,17.73,32873,58826495.0,1.56,0.0,0.0,2.03
2025-11-18,2576,17.79,17.62,17.87,17.56,40554,71607504.48,1.73,-1.73,-0.31,2.5
2025-11-19,2576,17.62,17.3,17.69,17.16,34180,59357446.8,3.01,-1.82,-0.32,2.11
2025-11-20,2576,17.57,17.21,17.61,17.12,27890,48240269.0,2.83,-0.52,-0.09,1.72
2025-11-21,2576,17.05,16.3,17.23,16.22,56292,93315345.0,5.87,-5.29,-0.91,3.47
2025-11-24,2576,16.39,16.71,16.81,16.39,36633,60761672.0,2.58,2.52,0.41,2.26
2025-11-25,2576,16.82,16.78,17.03,16.73,29939,50514769.0,1.8,0.42,0.07,1.85
2025-11-26,2576,16.78,16.69,17.04,16.66,32705,55210103.0,2.26,-0.54,-0.09,2.02
2025-11-27,2576,16.74,16.84,16.88,16.63,26460,44449429.0,1.5,0.9,0.15,1.63
2025-11-28,2576,16.85,17.1,17.11,16.77,24269,41171856.5,2.02,1.54,0.26,1.5
2025-12-01,2576,17.1,17.15,17.37,17.01,26643,45919098.0,2.11,0.29,0.05,1.64
2025-12-02,2576,17.12,17.08,17.15,16.9,13791,23435402.8,1.46,-0.41,-0.07,0.85
2025-12-03,2576,17.11,16.85,17.11,16.78,26274,44363070.0,1.94,-0.77,-0.13,1.62
2025-12-04,2576,16.85,16.79,17.0,16.6,24850,41765121.84,2.37,-0.36,-0.06,1.53
2025-12-05,2576,16.7,17.39,17.42,16.64,48853,83869635.0,4.65,3.57,0.6,3.02
2025-12-08,2576,17.49,17.33,17.58,17.27,35687,61991592.0,1.78,-0.35,-0.06,2.2
2025-12-09,2576,17.34,17.13,17.37,17.12,23962,41283517.5,1.44,-1.15,-0.2,1.48
2025-12-10,2576,17.11,17.01,17.29,16.92,22082,37582805.0,2.16,-0.7,-0.12,1.36
2025-12-11,2576,17.02,16.72,17.13,16.72,26047,44002576.0,2.41,-1.7,-0.29,1.61
2025-12-12,2576,16.69,16.59,17.02,16.57,27983,47096334.98,2.69,-0.78,-0.13,1.73
2025-12-15,2576,16.57,16.78,16.98,16.5,24657,41354993.24,2.89,1.15,0.19,1.52
2025-12-16,2576,16.78,16.3,16.78,16.22,29227,47867439.5,3.34,-2.86,-0.48,1.8
2025-12-17,2576,16.26,16.28,16.45,15.86,42642,68587905.0,3.62,-0.12,-0.02,2.63
2025-12-18,2576,16.23,16.38,16.57,16.14,27009,44335585.0,2.64,0.61,0.1,1.67
2025-12-19,2576,16.55,16.69,16.73,16.43,27100,45116821.0,1.83,1.89,0.31,1.67
2025-12-22,2576,16.84,16.68,16.89,16.62,25525,42810911.0,1.62,-0.06,-0.01,1.58
2025-12-23,2576,16.77,16.55,16.8,16.47,20352,33740346.88,1.98,-0.78,-0.13,1.26
2025-12-24,2576,16.51,16.83,16.87,16.42,24980,41852809.2,2.72,1.69,0.28,1.54
2025-12-25,2576,16.93,17.15,17.17,16.75,28777,48923356.0,2.5,1.9,0.32,1.78
2025-12-26,2576,17.11,16.99,17.3,16.93,32217,55096412.0,2.16,-0.93,-0.16,1.99
2025-12-29,2576,17.0,17.2,17.29,16.82,31299,53360901.87,2.77,1.24,0.21,1.93
2025-12-30,2576,17.12,17.47,17.6,16.95,52532,91338653.29,3.78,1.57,0.27,3.24
2025-12-31,2576,17.47,17.4,17.47,17.26,34838,60443123.6,1.2,-0.4,-0.07,2.15
2026-01-05,2576,17.47,17.33,17.5,17.22,37548,65062848.4,1.61,-0.4,-0.07,2.32
2026-01-06,2576,17.39,17.35,17.44,17.27,35432,61459057.0,0.98,0.12,0.02,2.19
2026-01-07,2576,17.37,17.23,17.39,17.18,29856,51601132.0,1.21,-0.69,-0.12,1.84
2026-01-08,2576,17.22,17.4,17.49,17.19,32132,55859808.0,1.74,0.99,0.17,1.98
2026-01-09,2576,17.39,17.49,17.56,17.25,42526,74087022.0,1.78,0.52,0.09,2.62
2026-01-12,2576,17.45,17.64,17.67,17.41,52765,92679684.5,1.49,0.86,0.15,3.26
2026-01-13,2576,17.69,17.52,17.7,17.36,47192,82844871.0,1.93,-0.68,-0.12,2.91
2026-01-14,2576,17.62,17.4,17.73,17.16,59923,105062669.0,3.25,-0.68,-0.12,3.7
2026-01-15,2576,17.33,17.65,17.69,17.31,42963,75370164.0,2.18,1.44,0.25,2.65
2026-01-16,2576,17.65,18.0,18.1,17.56,77068,137749827.0,3.06,1.98,0.35,4.76
2026-01-19,2576,18.0,18.56,18.75,17.88,99965,184544716.15,4.83,3.11,0.56,6.17
2026-01-20,2576,18.5,18.25,18.51,18.14,68627,125810371.2,1.99,-1.67,-0.31,4.24
2026-01-21,2576,18.24,18.4,18.47,18.02,39083,71679518.0,2.47,0.82,0.15,2.41
2026-01-22,2576,18.38,18.45,18.58,18.37,39859,73656040.0,1.14,0.27,0.05,2.46
2026-01-23,2576,18.49,18.47,18.56,18.31,51079,94086327.0,1.36,0.11,0.02,3.15
2026-01-27,2576,18.29,18.08,18.29,17.54,4949600,88484548.0,4.11,-1.04,-0.19,0.0
2026-01-28,002576,18.04,17.75,18.07,17.68,2277000,40608912.0,2.16,-1.83,-0.33,0.0
2026-01-29,002576,17.8,17.37,17.84,17.28,45562,80079920.0,3.15,-2.31,-0.41,2.81
2026-01-30,002576,17.4,17.8,17.83,17.3,49876,87780232.0,3.05,2.48,0.43,3.08
2026-02-02,002576,17.8,17.69,18.22,17.69,59796,107709824.0,2.98,-0.62,-0.11,3.69
2026-02-03,002576,17.86,17.96,18.0,17.63,40002,71454328.0,2.09,1.53,0.27,2.47
2026-02-04,002576,17.92,18.14,18.34,17.83,37826,68470544.0,2.84,1.0,0.18,2.33
2026-02-05,002576,18.14,17.77,18.14,17.77,33190,59377324.0,2.04,-2.04,-0.37,2.05
2026-02-06,002576,17.77,17.96,18.18,17.51,39651,71383448.0,3.77,1.07,0.19,2.45
2026-02-09,002576,18.2,18.19,18.22,18.0,31623,57331204.0,1.22,1.28,0.23,1.95
2026-02-10,002576,18.22,18.6,18.8,18.13,73052,135444112.0,3.68,2.25,0.41,4.51
2026-02-11,002576,18.58,18.83,18.99,18.41,103252,193724672.0,3.12,1.24,0.23,6.37
2026-02-12,002576,18.95,18.63,18.95,18.55,56290,105435648.0,2.12,-1.06,-0.2,3.47
2026-02-13,002576,18.53,18.71,18.95,18.53,55101,103371264.0,2.25,0.43,0.08,3.4
2026-02-24,002576,18.82,18.96,19.08,18.74,59122,112109216.0,1.82,1.34,0.25,3.65
2026-02-25,002576,18.96,18.7,19.06,18.65,66057,124276712.0,2.16,-1.37,-0.26,4.08
2026-02-26,002576,18.93,19.0,19.04,18.74,58832,111291184.0,1.6,1.6,0.3,3.63
2026-02-27,002576,18.9,19.99,20.4,18.78,156609,307436704.0,8.53,5.21,0.99,9.67
2026-03-02,002576,19.5,19.18,19.65,18.96,143734,276180288.0,3.45,-4.05,-0.81,8.87
2026-03-03,002576,19.2,18.31,19.44,18.31,111249,209182288.0,5.89,-4.54,-0.87,6.87
2026-03-04,002576,18.15,18.82,18.98,18.1,82204,153429856.0,4.81,2.79,0.51,5.07
2026-03-05,002576,19.12,18.93,19.22,18.79,63824,121388024.0,2.28,0.58,0.11,3.94
2026-03-06,002576,18.93,19.18,19.3,18.69,62682,119967424.0,3.22,1.32,0.25,3.87
2026-03-09,002576,18.8,19.07,19.18,18.63,64226,121574616.0,2.87,-0.57,-0.11,3.96
2026-03-10,002576,19.2,19.38,19.54,19.2,57802,112075208.0,1.78,1.63,0.31,3.57
2026-03-11,002576,19.33,19.58,19.71,19.29,91028,177672288.0,2.17,1.03,0.2,5.62
2026-03-12,002576,19.56,19.17,19.56,19.01,55228,106081840.0,2.81,-2.09,-0.41,3.41
2026-03-13,002576,19.17,19.08,19.45,19.07,50532,97273752.0,1.98,-0.47,-0.09,3.12
2026-03-16,002576,19.08,19.08,19.2,18.77,45369,86083680.0,2.25,0.0,0.0,2.8
2026-03-17,002576,19.15,18.48,19.19,18.41,40425,75645096.0,4.09,-3.14,-0.6,2.49
2026-03-18,002576,18.48,19.42,19.44,18.43,78131,149083776.0,5.47,5.09,0.94,4.82
2026-03-19,002576,19.18,19.08,19.53,19.01,60391,116002880.0,2.68,-1.75,-0.34,3.73
2026-03-20,002576,19.11,18.34,19.59,18.33,104642,196364976.0,6.6,-3.88,-0.74,6.46
2026-03-23,002576,18.06,17.59,18.45,17.57,91023,163728912.0,4.8,-4.09,-0.75,5.62
2026-03-24,002576,18.15,18.33,18.35,17.45,75699,135905744.0,5.12,4.21,0.74,4.67
2026-03-25,002576,18.39,18.55,18.77,18.31,43100,79966536.0,2.51,1.2,0.22,2.66
2026-03-26,002576,18.55,18.53,19.03,18.41,51674,96699568.0,3.34,-0.11,-0.02,3.19
2026-03-27,002576,18.26,18.7,18.78,18.2,37990,70826512.0,3.13,0.92,0.17,2.34
2026-03-30,002576,18.42,18.68,18.85,18.33,43060,79934800.0,2.78,-0.11,-0.02,2.66
2026-03-31,002576,18.48,17.34,18.53,17.23,107106,189712608.0,6.96,-7.17,-1.34,6.61
2026-04-01,002576,17.66,17.65,17.77,17.4,56539,99381664.0,2.13,1.79,0.31,3.49
2026-04-02,002576,17.65,17.66,18.25,17.45,60498,107757072.0,4.53,0.06,0.01,3.73
2026-04-03,002576,17.74,17.18,18.3,17.1,66348,115610144.0,6.8,-2.72,-0.48,4.09
2026-04-07,002576,17.18,18.15,18.76,17.11,124298,226223136.0,9.6,5.65,0.97,7.67
2026-04-08,002576,18.35,18.5,18.51,18.23,62648,115298840.0,1.54,1.93,0.35,3.87
2026-04-09,002576,18.45,18.49,18.64,18.23,48358,89261784.0,2.22,-0.05,-0.01,2.98
2026-04-10,002576,18.59,18.53,18.78,18.42,46524,86562152.0,1.95,0.22,0.04,2.87
2026-04-13,002576,18.41,18.66,18.79,18.3,40954,76072184.0,2.64,0.7,0.13,2.53
2026-04-14,002576,18.75,19.02,19.03,18.57,59259,111556536.0,2.47,1.93,0.36,3.66
2026-04-15,002576,19.08,18.74,19.11,18.69,44464,83909136.0,2.21,-1.47,-0.28,2.74
2026-04-16,002576,18.78,18.91,19.03,18.71,43008,81251144.0,1.71,0.91,0.17,2.65
2026-04-17,002576,18.84,19.02,19.32,18.7,63486,120602944.0,3.28,0.58,0.11,3.92
2026-04-20,002576,19.02,19.04,19.14,18.87,43939,83446408.0,1.42,0.11,0.02,2.71
2026-04-21,002576,19.08,18.69,19.08,18.56,39596,73957784.0,2.73,-1.84,-0.35,2.44
2026-04-22,002576,18.67,18.56,18.68,18.41,38494,71380240.0,1.44,-0.7,-0.13,2.38
2026-04-23,002576,18.61,18.67,19.06,18.46,52456,98131840.0,3.23,0.59,0.11,3.24
2026-04-24,002576,18.59,18.3,18.59,17.98,53798,97958848.0,3.27,-1.98,-0.37,3.32
2026-04-27,002576,18.28,18.39,18.52,17.81,43246,78741856.0,3.88,0.49,0.09,2.67
2026-04-28,002576,18.35,18.47,18.76,18.33,51883,96172112.0,2.34,0.44,0.08,3.2
2026-04-29,002576,18.44,18.8,18.85,18.4,59990,112428176.0,2.44,1.79,0.33,3.7
2026-04-30,002576,18.75,18.53,18.82,18.47,43772,81476832.0,1.86,-1.44,-0.27,2.7
2026-05-06,002576,18.73,18.85,18.95,18.67,64458,121408848.0,1.51,1.73,0.32,3.98
2026-05-07,002576,18.76,18.97,19.03,18.75,65474,123890160.0,1.49,0.64,0.12,4.04
2026-05-08,002576,18.91,19.25,19.3,18.75,91243,174460480.0,2.9,1.48,0.28,5.63
2026-05-11,002576,19.38,19.17,19.6,18.98,61610,117805968.0,3.22,-0.42,-0.08,3.8
2026-05-12,002576,19.16,18.95,19.29,18.82,55245,104975832.0,2.45,-1.15,-0.22,3.41
2026-05-13,002576,19.0,19.18,19.32,18.89,68851,132080608.0,2.27,1.21,0.23,4.25
2026-05-14,002576,19.17,18.49,19.22,18.43,72156,134962176.0,4.12,-3.6,-0.69,4.45
2026-05-15,002576,18.54,18.95,19.28,18.43,81183,153506416.0,4.6,2.49,0.46,5.01
2026-05-18,002576,18.83,19.17,19.17,18.65,68991,131022416.0,2.74,1.16,0.22,4.26
2026-05-19,002576,19.17,19.18,19.35,18.88,62575,119629176.0,2.45,0.05,0.01,3.86
2026-05-20,002576,19.2,19.2,19.2,18.61,67408,127806896.0,3.08,0.1,0.02,4.16
2026-05-21,002576,19.35,18.91,19.57,18.84,152725,294556544.0,3.8,-1.51,-0.29,9.43
2026-05-22,002576,18.71,19.65,19.68,18.01,160476,305871552.0,8.83,3.91,0.74,9.9
2026-05-25,002576,19.85,19.48,20.09,19.22,133898,261389184.0,4.43,-0.87,-0.17,8.26
2026-05-26,002576,19.3,20.21,20.35,19.22,204346,403569408.0,5.8,3.75,0.73,12.61
2026-05-27,002576,19.92,19.15,20.07,18.99,151216,295091552.0,5.34,-5.24,-1.06,9.33
2026-05-28,002576,18.99,18.56,19.73,18.26,123845,232974160.0,7.68,-3.08,-0.59,7.64
2026-05-29,002576,18.53,16.7,18.56,16.7,157679,274120160.0,10.02,-10.02,-1.86,9.73
2026-06-01,002576,16.5,17.1,17.2,16.37,75061,127291792.0,4.97,2.4,0.4,4.63
2026-06-02,002576,16.96,16.41,17.13,16.18,65122,107361520.0,5.56,-4.04,-0.69,4.02
2026-06-03,002576,16.45,16.09,16.6,15.89,60764,98321904.0,4.33,-1.95,-0.32,3.75
2026-06-04,002576,16.5,15.97,16.5,15.82,48885,78733760.0,4.23,-0.75,-0.12,3.02
2026-06-05,002576,15.91,16.25,16.66,15.42,76113,121699776.0,7.76,1.75,0.28,4.7
2026-06-08,002576,15.9,15.98,16.18,15.8,53610,85768496.0,2.34,-1.66,-0.27,3.31
2026-06-09,002576,8.67,8.42,8.67,8.41,61849,52393432.0,3.04,-1.41,-0.12,1.27
2026-06-10,002576,8.41,8.23,8.42,8.13,68487,56411288.0,3.44,-2.26,-0.19,1.41
2026-06-11,002576,16.23,15.8,16.29,15.69,53230,84542952.0,3.66,-3.72,-0.61,3.29
2026-06-12,002576,16.07,15.95,16.22,15.78,36119,57755004.0,2.78,0.95,0.15,2.23
2026-06-15,002576,16.12,16.34,16.47,16.02,41148,67130664.0,2.82,2.45,0.39,2.54
2026-06-16,002576,16.3,16.11,16.33,15.93,47329,76129176.0,2.45,-1.41,-0.23,2.92
2026-06-17,002576,16.11,15.69,16.16,15.55,47223,74469784.0,3.79,-2.61,-0.42,2.91
2026-06-18,002576,15.57,15.41,15.69,15.35,38071,58948328.0,2.17,-1.78,-0.28,2.35
2026-06-22,002576,15.27,15.46,15.53,14.73,58610,88191264.0,5.19,0.32,0.05,3.62
2026-06-23,002576,15.44,15.51,15.78,15.25,32334,50393064.0,3.43,0.32,0.05,2.0
2026-06-24,002576,15.53,15.16,15.53,14.94,35235,53331460.0,3.8,-2.26,-0.35,2.17
2026-06-25,002576,15.15,14.6,15.16,14.58,38867,57497200.0,3.83,-3.69,-0.56,2.4
2026-06-26,002576,14.59,14.24,14.61,14.18,35087,50347524.0,2.95,-2.47,-0.36,2.17
2026-06-29,002576,14.2,13.99,14.29,13.76,33256,46575724.0,3.72,-1.76,-0.25,2.05
2026-06-30,002576,14.1,14.15,14.35,14.0,25543,36183024.0,2.5,1.14,0.16,1.58
2026-07-01,002576,14.07,14.27,14.47,13.98,35467,50459964.0,3.46,0.85,0.12,2.19
2026-07-02,002576,14.27,14.38,14.84,14.2,42489,61896280.0,4.48,0.77,0.11,2.62
2026-07-03,002576,14.42,15.54,15.82,14.42,112760,174265520.0,9.74,8.07,1.16,6.96
2026-07-06,002576,15.27,14.92,15.52,14.92,58403,88508328.0,3.86,-3.99,-0.62,3.6
2026-07-07,002576,14.99,14.36,15.17,14.36,38363,56236736.0,5.43,-3.75,-0.56,2.37
2026-07-08,002576,14.36,13.79,14.59,13.78,39270,54810928.0,5.64,-3.97,-0.57,2.42
2026-07-09,002576,13.78,13.78,13.92,13.36,32410,44218816.0,4.06,-0.07,-0.01,2.0
2026-07-10,002576,13.76,13.92,14.2,13.58,34880,48638320.0,4.5,1.02,0.14,2.15
2026-07-13,002576,13.85,13.23,13.85,13.18,37398,50248140.0,4.81,-4.96,-0.69,2.31
2026-07-14,002576,13.16,13.53,13.55,13.05,25312,33723016.0,3.78,2.27,0.3,1.56
2026-07-15,002576,13.49,13.53,13.75,13.43,23255,31575720.0,2.37,0.0,0.0,1.44
